Generation 0:
Generation 1:(31, 1), (1, 1), (49, 1), (24, 1), (42, 1), (16, 1), (28, 1), (30, 1), (27, 1), (22, 1), (12, 1), (3, 1), (6, 1), (20, 1), (13, 1), (7, 1), (44, 1), (36, 1), (45, 1), (9, 1), (96, 2), (74, 2), (54, 2), (77, 2), (56, 2), (67, 2), (64, 2), (68, 2), (85, 2), (80, 2), (91, 2), (69, 2), (53, 2), (55, 2), (60, 2), (63, 2), (78, 2), (50, 2), (84, 2), (75, 2), 
Generation 2:(14, 1), (12, 1), (39, 1), (35, 1), (23, 1), (29, 1), (22, 1), (1, 1), (9, 1), (37, 1), (34, 1), (24, 1), (36, 1), (15, 1), (30, 1), (19, 1), (21, 1), (6, 1), (38, 1), (7, 1), (93, 2), (70, 2), (89, 2), (59, 2), (85, 2), (83, 2), (81, 2), (63, 2), (91, 2), (68, 2), (67, 2), (57, 2), (98, 2), (75, 2), (69, 2), (95, 2), (66, 2), (80, 2), (61, 2), (74, 2), 
Generation 3:(0, 1), (1, 1), (41, 1), (35, 1), (6, 1), (3, 1), (17, 1), (8, 1), (15, 1), (34, 1), (31, 1), (18, 1), (30, 1), (29, 1), (39, 1), (7, 1), (43, 1), (42, 1), (20, 1), (12, 1), (72, 2), (70, 2), (93, 2), (69, 2), (79, 2), (90, 2), (86, 2), (97, 2), (94, 2), (92, 2), (60, 2), (82, 2), (62, 2), (88, 2), (76, 2), (66, 2), (84, 2), (85, 2), (64, 2), (55, 2), 
Generation 4:(41, 1), (31, 1), (12, 1), (27, 1), (13, 1), (46, 1), (24, 1), (9, 1), (10, 1), (36, 1), (5, 1), (33, 1), (16, 1), (11, 1), (40, 1), (1, 1), (0, 1), (26, 1), (43, 1), (15, 1), (91, 2), (56, 2), (75, 2), (69, 2), (80, 2), (96, 2), (86, 2), (60, 2), (93, 2), (70, 2), (88, 2), (99, 2), (65, 2), (95, 2), (82, 2), (58, 2), (94, 2), (67, 2), (87, 2), (81, 2), 
Generation 5:(36, 1), (14, 1), (38, 1), (10, 1), (13, 1), (4, 1), (26, 1), (5, 1), (8, 1), (12, 1), (33, 1), (0, 1), (40, 1), (42, 1), (6, 1), (45, 1), (16, 1), (3, 1), (37, 1), (21, 1), (70, 2), (91, 2), (92, 2), (68, 2), (87, 2), (97, 2), (83, 2), (82, 2), (57, 2), (76, 2), (72, 2), (81, 2), (58, 2), (98, 2), (61, 2), (93, 2), (90, 2), (96, 2), (66, 2), (63, 2), 
Generation 6:(12, 1), (44, 1), (13, 1), (32, 1), (29, 1), (25, 1), (27, 1), (24, 1), (3, 1), (40, 1), (6, 1), (45, 1), (35, 1), (43, 1), (16, 1), (22, 1), (28, 1), (14, 1), (18, 1), (1, 1), (93, 2), (71, 2), (58, 2), (75, 2), (85, 2), (88, 2), (65, 2), (96, 2), (99, 2), (69, 2), (94, 2), (79, 2), (92, 2), (70, 2), (59, 2), (72, 2), (89, 2), (62, 2), (63, 2), (86, 2), 
Generation 7:(6, 1), (17, 1), (12, 1), (31, 1), (36, 1), (4, 1), (7, 1), (34, 1), (14, 1), (32, 1), (29, 1), (5, 1), (40, 1), (26, 1), (15, 1), (25, 1), (20, 1), (19, 1), (39, 1), (28, 1), (79, 2), (67, 2), (81, 2), (63, 2), (66, 2), (84, 2), (93, 2), (68, 2), (58, 2), (62, 2), (96, 2), (61, 2), (65, 2), (88, 2), (56, 2), (69, 2), (72, 2), (97, 2), (70, 2), (95, 2), 
Generation 8:(30, 1), (7, 1), (40, 1), (14, 1), (37, 1), (19, 1), (21, 1), (18, 1), (25, 1), (16, 1), (2, 1), (33, 1), (6, 1), (17, 1), (23, 1), (13, 1), (22, 1), (42, 1), (4, 1), (39, 1), (95, 2), (77, 2), (82, 2), (91, 2), (59, 2), (58, 2), (51, 2), (61, 2), (78, 2), (54, 2), (89, 2), (64, 2), (67, 2), (86, 2), (97, 2), (75, 2), (90, 2), (70, 2), (83, 2), (94, 2), 
Generation 9:(27, 1), (11, 1), (21, 1), (15, 1), (42, 1), (25, 1), (10, 1), (31, 1), (28, 1), (14, 1), (7, 1), (35, 1), (20, 1), (26, 1), (1, 1), (23, 1), (5, 1), (38, 1), (32, 1), (33, 1), (87, 2), (83, 2), (64, 2), (58, 2), (56, 2), (54, 2), (91, 2), (88, 2), (82, 2), (80, 2), (69, 2), (78, 2), (89, 2), (95, 2), (66, 2), (73, 2), (85, 2), (99, 2), (77, 2), (75, 2), 
Generation 10:(40, 1), (16, 1), (43, 1), (19, 1), (2, 1), (29, 1), (41, 1), (12, 1), (0, 1), (39, 1), (30, 1), (38, 1), (26, 1), (27, 1), (18, 1), (6, 1), (14, 1), (34, 1), (9, 1), (37, 1), (74, 2), (73, 2), (99, 2), (82, 2), (98, 2), (83, 2), (81, 2), (95, 2), (68, 2), (57, 2), (72, 2), (78, 2), (89, 2), (65, 2), (55, 2), (54, 2), (90, 2), (69, 2), (64, 2), (62, 2), 
Generation 11:(25, 1), (21, 1), (2, 1), (39, 1), (34, 1), (44, 1), (35, 1), (29, 1), (42, 1), (30, 1), (19, 1), (26, 1), (3, 1), (16, 1), (27, 1), (7, 1), (0, 1), (43, 1), (4, 1), (17, 1), (62, 2), (78, 2), (64, 2), (77, 2), (63, 2), (60, 2), (70, 2), (71, 2), (68, 2), (98, 2), (92, 2), (59, 2), (58, 2), (69, 2), (57, 2), (88, 2), (96, 2), (72, 2), (87, 2), (76, 2), 
Generation 12:(43, 1), (15, 1), (38, 1), (21, 1), (30, 1), (42, 1), (24, 1), (19, 1), (22, 1), (37, 1), (8, 1), (6, 1), (34, 1), (23, 1), (2, 1), (40, 1), (33, 1), (9, 1), (35, 1), (13, 1), (61, 2), (86, 2), (66, 2), (90, 2), (64, 2), (84, 2), (93, 2), (79, 2), (96, 2), (97, 2), (71, 2), (57, 2), (75, 2), (55, 2), (88, 2), (95, 2), (60, 2), (62, 2), (63, 2), (82, 2), 
Generation 13:(2, 1), (14, 1), (23, 1), (37, 1), (18, 1), (29, 1), (30, 1), (40, 1), (42, 1), (16, 1), (39, 1), (10, 1), (35, 1), (13, 1), (9, 1), (11, 1), (1, 1), (31, 1), (20, 1), (32, 1), (97, 2), (81, 2), (93, 2), (59, 2), (56, 2), (66, 2), (80, 2), (64, 2), (76, 2), (99, 2), (58, 2), (74, 2), (71, 2), (88, 2), (87, 2), (98, 2), (83, 2), (60, 2), (89, 2), (94, 2), 
Generation 14:(27, 1), (42, 1), (7, 1), (18, 1), (5, 1), (10, 1), (2, 1), (36, 1), (29, 1), (39, 1), (17, 1), (12, 1), (6, 1), (9, 1), (41, 1), (1, 1), (34, 1), (3, 1), (31, 1), (44, 1), (63, 2), (99, 2), (89, 2), (78, 2), (56, 2), (68, 2), (79, 2), (81, 2), (84, 2), (55, 2), (59, 2), (72, 2), (96, 2), (65, 2), (69, 2), (86, 2), (60, 2), (67, 2), (83, 2), (77, 2), 
Generation 15:(11, 1), (40, 1), (37, 1), (14, 1), (0, 1), (12, 1), (4, 1), (15, 1), (30, 1), (23, 1), (43, 1), (26, 1), (25, 1), (29, 1), (17, 1), (35, 1), (1, 1), (28, 1), (32, 1), (8, 1), (56, 2), (68, 2), (81, 2), (57, 2), (64, 2), (65, 2), (98, 2), (92, 2), (79, 2), (76, 2), (84, 2), (85, 2), (71, 2), (82, 2), (96, 2), (99, 2), (80, 2), (61, 2), (62, 2), (72, 2), 
Generation 16:(3, 1), (44, 1), (2, 1), (29, 1), (43, 1), (4, 1), (37, 1), (10, 1), (6, 1), (40, 1), (0, 1), (28, 1), (23, 1), (38, 1), (1, 1), (9, 1), (39, 1), (17, 1), (25, 1), (19, 1), (79, 2), (54, 2), (85, 2), (84, 2), (66, 2), (57, 2), (87, 2), (78, 2), (91, 2), (94, 2), (73, 2), (77, 2), (63, 2), (58, 2), (95, 2), (92, 2), (93, 2), (53, 2), (89, 2), (60, 2), 
Generation 17:(1, 1), (7, 1), (43, 1), (5, 1), (42, 1), (19, 1), (29, 1), (37, 1), (12, 1), (3, 1), (20, 1), (36, 1), (4, 1), (38, 1), (31, 1), (41, 1), (39, 1), (18, 1), (17, 1), (2, 1), (71, 2), (99, 2), (67, 2), (95, 2), (73, 2), (68, 2), (57, 2), (92, 2), (82, 2), (65, 2), (83, 2), (66, 2), (79, 2), (81, 2), (98, 2), (55, 2), (56, 2), (60, 2), (87, 2), (96, 2), 
Generation 18:(33, 1), (13, 1), (35, 1), (12, 1), (8, 1), (14, 1), (36, 1), (37, 1), (23, 1), (34, 1), (39, 1), (16, 1), (17, 1), (42, 1), (1, 1), (32, 1), (4, 1), (11, 1), (44, 1), (28, 1), (92, 2), (71, 2), (60, 2), (56, 2), (98, 2), (68, 2), (59, 2), (58, 2), (97, 2), (82, 2), (81, 2), (93, 2), (76, 2), (63, 2), (64, 2), (72, 2), (89, 2), (62, 2), (75, 2), (66, 2), 
Generation 19:(20, 1), (19, 1), (10, 1), (5, 1), (22, 1), (9, 1), (2, 1), (13, 1), (1, 1), (12, 1), (17, 1), (25, 1), (39, 1), (6, 1), (16, 1), (26, 1), (14, 1), (30, 1), (29, 1), (31, 1), (98, 2), (75, 2), (72, 2), (82, 2), (83, 2), (89, 2), (67, 2), (63, 2), (58, 2), (81, 2), (99, 2), (59, 2), (64, 2), (97, 2), (80, 2), (74, 2), (65, 2), (93, 2), (73, 2), (61, 2), 
Generation 20:(20, 1), (32, 1), (33, 1), (28, 1), (3, 1), (22, 1), (16, 1), (26, 1), (25, 1), (2, 1), (0, 1), (19, 1), (4, 1), (14, 1), (40, 1), (30, 1), (31, 1), (18, 1), (5, 1), (38, 1), (86, 2), (98, 2), (50, 2), (47, 2), (79, 2), (84, 2), (88, 2), (90, 2), (72, 2), (80, 2), (52, 2), (49, 2), (61, 2), (60, 2), (95, 2), (96, 2), (81, 2), (56, 2), (91, 2), (51, 2), 
Generation 21:(33, 1), (37, 1), (31, 1), (22, 1), (8, 1), (1, 1), (32, 1), (4, 1), (14, 1), (5, 1), (11, 1), (29, 1), (13, 1), (17, 1), (20, 1), (3, 1), (28, 1), (24, 1), (34, 1), (15, 1), (81, 2), (56, 2), (50, 2), (59, 2), (79, 2), (67, 2), (60, 2), (57, 2), (99, 2), (63, 2), (49, 2), (71, 2), (68, 2), (77, 2), (83, 2), (61, 2), (78, 2), (53, 2), (95, 2), (96, 2), 
Generation 22:(17, 1), (36, 1), (13, 1), (7, 1), (33, 1), (20, 1), (12, 1), (24, 1), (31, 1), (29, 1), (16, 1), (21, 1), (32, 1), (37, 1), (8, 1), (5, 1), (19, 1), (23, 1), (1, 1), (22, 1), (82, 2), (87, 2), (81, 2), (74, 2), (97, 2), (83, 2), (75, 2), (52, 2), (62, 2), (89, 2), (78, 2), (67, 2), (76, 2), (69, 2), (85, 2), (61, 2), (55, 2), (90, 2), (71, 2), (60, 2), 
Generation 23:(11, 1), (0, 1), (10, 1), (9, 1), (17, 1), (40, 1), (3, 1), (37, 1), (1, 1), (13, 1), (24, 1), (42, 1), (16, 1), (20, 1), (41, 1), (39, 1), (14, 1), (38, 1), (35, 1), (34, 1), (84, 2), (88, 2), (94, 2), (86, 2), (78, 2), (50, 2), (62, 2), (54, 2), (72, 2), (59, 2), (68, 2), (87, 2), (66, 2), (63, 2), (96, 2), (64, 2), (89, 2), (80, 2), (55, 2), (91, 2), 
Generation 24:(7, 1), (16, 1), (1, 1), (8, 1), (41, 1), (6, 1), (2, 1), (39, 1), (36, 1), (38, 1), (17, 1), (4, 1), (21, 1), (20, 1), (12, 1), (14, 1), (27, 1), (5, 1), (24, 1), (9, 1), (74, 2), (73, 2), (70, 2), (85, 2), (64, 2), (56, 2), (86, 2), (79, 2), (94, 2), (97, 2), (98, 2), (68, 2), (55, 2), (67, 2), (69, 2), (75, 2), (88, 2), (80, 2), (59, 2), (65, 2), 
Generation 25:(9, 1), (2, 1), (22, 1), (41, 1), (10, 1), (6, 1), (25, 1), (19, 1), (1, 1), (38, 1), (34, 1), (37, 1), (5, 1), (13, 1), (40, 1), (8, 1), (15, 1), (33, 1), (24, 1), (42, 1), (70, 2), (89, 2), (80, 2), (61, 2), (73, 2), (62, 2), (74, 2), (60, 2), (95, 2), (55, 2), (66, 2), (97, 2), (68, 2), (54, 2), (91, 2), (57, 2), (52, 2), (79, 2), (64, 2), (56, 2), 
Generation 26:(6, 1), (5, 1), (37, 1), (1, 1), (36, 1), (7, 1), (32, 1), (25, 1), (35, 1), (16, 1), (12, 1), (29, 1), (18, 1), (27, 1), (17, 1), (34, 1), (24, 1), (26, 1), (38, 1), (14, 1), (53, 2), (88, 2), (52, 2), (75, 2), (61, 2), (87, 2), (96, 2), (58, 2), (73, 2), (81, 2), (65, 2), (71, 2), (72, 2), (77, 2), (57, 2), (78, 2), (60, 2), (66, 2), (92, 2), (59, 2), 
Generation 27:(16, 1), (17, 1), (35, 1), (8, 1), (7, 1), (29, 1), (33, 1), (36, 1), (26, 1), (10, 1), (3, 1), (20, 1), (15, 1), (30, 1), (18, 1), (28, 1), (31, 1), (12, 1), (5, 1), (4, 1), (63, 2), (86, 2), (88, 2), (53, 2), (61, 2), (50, 2), (64, 2), (82, 2), (55, 2), (72, 2), (99, 2), (51, 2), (65, 2), (95, 2), (73, 2), (71, 2), (87, 2), (83, 2), (79, 2), (70, 2), 
Generation 28:(24, 1), (25, 1), (13, 1), (35, 1), (36, 1), (2, 1), (20, 1), (3, 1), (27, 1), (22, 1), (0, 1), (6, 1), (37, 1), (12, 1), (17, 1), (1, 1), (30, 1), (32, 1), (10, 1), (28, 1), (47, 2), (82, 2), (67, 2), (95, 2), (57, 2), (60, 2), (66, 2), (65, 2), (50, 2), (93, 2), (87, 2), (59, 2), (52, 2), (78, 2), (53, 2), (56, 2), (75, 2), (92, 2), (69, 2), (51, 2), 
Generation 29:(8, 1), (22, 1), (18, 1), (5, 1), (6, 1), (34, 1), (29, 1), (7, 1), (25, 1), (17, 1), (26, 1), (9, 1), (28, 1), (27, 1), (3, 1), (13, 1), (33, 1), (31, 1), (12, 1), (14, 1), (79, 2), (65, 2), (47, 2), (83, 2), (64, 2), (75, 2), (94, 2), (67, 2), (84, 2), (60, 2), (71, 2), (50, 2), (52, 2), (63, 2), (89, 2), (99, 2), (72, 2), (54, 2), (80, 2), (86, 2), 
Generation 30:(37, 1), (17, 1), (4, 1), (33, 1), (25, 1), (11, 1), (1, 1), (12, 1), (29, 1), (0, 1), (32, 1), (7, 1), (14, 1), (10, 1), (6, 1), (26, 1), (20, 1), (22, 1), (36, 1), (5, 1), (90, 2), (81, 2), (75, 2), (67, 2), (46, 2), (96, 2), (74, 2), (56, 2), (71, 2), (98, 2), (92, 2), (53, 2), (68, 2), (48, 2), (47, 2), (73, 2), (45, 2), (58, 2), (66, 2), (93, 2), 
Generation 31:(0, 1), (13, 1), (3, 1), (6, 1), (14, 1), (23, 1), (2, 1), (7, 1), (20, 1), (19, 1), (5, 1), (24, 1), (34, 1), (9, 1), (18, 1), (32, 1), (33, 1), (25, 1), (10, 1), (17, 1), (92, 2), (68, 2), (95, 2), (63, 2), (66, 2), (52, 2), (94, 2), (77, 2), (83, 2), (93, 2), (62, 2), (61, 2), (88, 2), (57, 2), (96, 2), (98, 2), (91, 2), (89, 2), (49, 2), (65, 2), 
Generation 32:(20, 1), (18, 1), (36, 1), (8, 1), (2, 1), (31, 1), (1, 1), (34, 1), (12, 1), (21, 1), (33, 1), (4, 1), (3, 1), (10, 1), (5, 1), (29, 1), (6, 1), (16, 1), (17, 1), (19, 1), (66, 2), (80, 2), (88, 2), (53, 2), (86, 2), (77, 2), (79, 2), (50, 2), (69, 2), (49, 2), (59, 2), (84, 2), (74, 2), (92, 2), (97, 2), (54, 2), (99, 2), (89, 2), (51, 2), (52, 2), 
Generation 33:(17, 1), (31, 1), (15, 1), (5, 1), (9, 1), (28, 1), (26, 1), (16, 1), (25, 1), (13, 1), (23, 1), (11, 1), (20, 1), (24, 1), (6, 1), (10, 1), (7, 1), (27, 1), (21, 1), (33, 1), (63, 2), (83, 2), (53, 2), (51, 2), (76, 2), (75, 2), (96, 2), (87, 2), (99, 2), (60, 2), (89, 2), (66, 2), (47, 2), (93, 2), (88, 2), (69, 2), (77, 2), (92, 2), (45, 2), (71, 2), 
Generation 34:(21, 1), (32, 1), (28, 1), (8, 1), (13, 1), (3, 1), (17, 1), (24, 1), (18, 1), (30, 1), (31, 1), (9, 1), (5, 1), (12, 1), (34, 1), (29, 1), (26, 1), (23, 1), (25, 1), (6, 1), (72, 2), (73, 2), (79, 2), (93, 2), (45, 2), (81, 2), (83, 2), (78, 2), (70, 2), (80, 2), (65, 2), (69, 2), (54, 2), (43, 2), (98, 2), (50, 2), (48, 2), (64, 2), (75, 2), (91, 2), 
Generation 35:(27, 1), (3, 1), (4, 1), (22, 1), (31, 1), (23, 1), (33, 1), (14, 1), (32, 1), (17, 1), (20, 1), (9, 1), (0, 1), (35, 1), (36, 1), (13, 1), (8, 1), (15, 1), (10, 1), (1, 1), (95, 2), (71, 2), (52, 2), (81, 2), (57, 2), (54, 2), (74, 2), (61, 2), (89, 2), (77, 2), (92, 2), (96, 2), (46, 2), (97, 2), (91, 2), (59, 2), (64, 2), (79, 2), (94, 2), (93, 2), 
Generation 36:(4, 1), (0, 1), (17, 1), (30, 1), (2, 1), (6, 1), (13, 1), (11, 1), (32, 1), (26, 1), (9, 1), (8, 1), (15, 1), (5, 1), (25, 1), (27, 1), (36, 1), (10, 1), (22, 1), (24, 1), (95, 2), (89, 2), (99, 2), (56, 2), (83, 2), (57, 2), (61, 2), (74, 2), (73, 2), (68, 2), (60, 2), (65, 2), (94, 2), (79, 2), (92, 2), (98, 2), (53, 2), (59, 2), (69, 2), (66, 2), 
Generation 37:(0, 1), (26, 1), (28, 1), (30, 1), (36, 1), (11, 1), (17, 1), (6, 1), (31, 1), (14, 1), (8, 1), (7, 1), (12, 1), (33, 1), (9, 1), (13, 1), (19, 1), (10, 1), (18, 1), (32, 1), (90, 2), (84, 2), (51, 2), (87, 2), (74, 2), (76, 2), (93, 2), (82, 2), (65, 2), (49, 2), (89, 2), (78, 2), (71, 2), (99, 2), (55, 2), (58, 2), (66, 2), (79, 2), (59, 2), (94, 2), 
Generation 38:(36, 1), (23, 1), (28, 1), (30, 1), (33, 1), (2, 1), (31, 1), (12, 1), (16, 1), (27, 1), (17, 1), (21, 1), (5, 1), (22, 1), (19, 1), (0, 1), (6, 1), (25, 1), (14, 1), (15, 1), (48, 2), (80, 2), (77, 2), (87, 2), (57, 2), (55, 2), (56, 2), (62, 2), (86, 2), (63, 2), (60, 2), (70, 2), (61, 2), (96, 2), (94, 2), (91, 2), (68, 2), (92, 2), (59, 2), (50, 2), 
Generation 39:(22, 1), (24, 1), (25, 1), (5, 1), (10, 1), (7, 1), (11, 1), (12, 1), (8, 1), (28, 1), (6, 1), (15, 1), (34, 1), (29, 1), (2, 1), (21, 1), (1, 1), (20, 1), (14, 1), (18, 1), (95, 2), (61, 2), (96, 2), (45, 2), (50, 2), (68, 2), (66, 2), (57, 2), (91, 2), (67, 2), (69, 2), (76, 2), (56, 2), (72, 2), (54, 2), (79, 2), (73, 2), (82, 2), (71, 2), (63, 2), 
Generation 40:(2, 1), (32, 1), (17, 1), (15, 1), (18, 1), (6, 1), (19, 1), (34, 1), (9, 1), (1, 1), (24, 1), (30, 1), (7, 1), (14, 1), (5, 1), (8, 1), (13, 1), (22, 1), (21, 1), (25, 1), (64, 2), (81, 2), (46, 2), (93, 2), (88, 2), (70, 2), (95, 2), (58, 2), (97, 2), (59, 2), (84, 2), (62, 2), (43, 2), (96, 2), (90, 2), (76, 2), (61, 2), (86, 2), (66, 2), (54, 2), 
Generation 41:(33, 1), (31, 1), (20, 1), (14, 1), (32, 1), (22, 1), (18, 1), (27, 1), (15, 1), (4, 1), (23, 1), (12, 1), (0, 1), (30, 1), (3, 1), (7, 1), (1, 1), (24, 1), (13, 1), (6, 1), (90, 2), (52, 2), (68, 2), (79, 2), (53, 2), (97, 2), (89, 2), (99, 2), (84, 2), (44, 2), (75, 2), (78, 2), (48, 2), (74, 2), (65, 2), (45, 2), (86, 2), (80, 2), (62, 2), (82, 2), 
Generation 42:(11, 1), (34, 1), (31, 1), (3, 1), (1, 1), (13, 1), (24, 1), (8, 1), (19, 1), (35, 1), (30, 1), (22, 1), (32, 1), (27, 1), (23, 1), (12, 1), (29, 1), (9, 1), (14, 1), (7, 1), (95, 2), (98, 2), (88, 2), (59, 2), (69, 2), (53, 2), (66, 2), (97, 2), (93, 2), (49, 2), (90, 2), (67, 2), (50, 2), (74, 2), (48, 2), (79, 2), (87, 2), (76, 2), (56, 2), (63, 2), 
Generation 43:(16, 1), (17, 1), (22, 1), (23, 1), (15, 1), (32, 1), (1, 1), (11, 1), (26, 1), (13, 1), (4, 1), (9, 1), (34, 1), (33, 1), (12, 1), (7, 1), (5, 1), (24, 1), (10, 1), (6, 1), (83, 2), (69, 2), (49, 2), (48, 2), (64, 2), (68, 2), (56, 2), (46, 2), (59, 2), (72, 2), (87, 2), (94, 2), (60, 2), (67, 2), (75, 2), (57, 2), (89, 2), (98, 2), (71, 2), (91, 2), 
Generation 44:(29, 1), (23, 1), (24, 1), (34, 1), (27, 1), (6, 1), (28, 1), (13, 1), (2, 1), (25, 1), (15, 1), (32, 1), (31, 1), (7, 1), (11, 1), (18, 1), (33, 1), (0, 1), (26, 1), (30, 1), (94, 2), (71, 2), (44, 2), (97, 2), (98, 2), (74, 2), (52, 2), (92, 2), (60, 2), (43, 2), (82, 2), (78, 2), (87, 2), (80, 2), (77, 2), (96, 2), (68, 2), (59, 2), (45, 2), (73, 2), 
Generation 45:(3, 1), (8, 1), (28, 1), (29, 1), (9, 1), (17, 1), (32, 1), (30, 1), (6, 1), (4, 1), (27, 1), (16, 1), (37, 1), (26, 1), (10, 1), (25, 1), (21, 1), (34, 1), (12, 1), (23, 1), (87, 2), (57, 2), (84, 2), (62, 2), (48, 2), (79, 2), (53, 2), (68, 2), (69, 2), (67, 2), (49, 2), (77, 2), (65, 2), (82, 2), (56, 2), (63, 2), (71, 2), (90, 2), (75, 2), (76, 2), 
Generation 46:(3, 1), (32, 1), (0, 1), (18, 1), (17, 1), (37, 1), (30, 1), (9, 1), (21, 1), (26, 1), (12, 1), (8, 1), (22, 1), (35, 1), (27, 1), (31, 1), (38, 1), (24, 1), (5, 1), (19, 1), (66, 2), (99, 2), (61, 2), (81, 2), (83, 2), (58, 2), (86, 2), (67, 2), (55, 2), (84, 2), (57, 2), (62, 2), (92, 2), (70, 2), (80, 2), (51, 2), (54, 2), (79, 2), (71, 2), (72, 2), 
Generation 47:(13, 1), (16, 1), (14, 1), (34, 1), (25, 1), (9, 1), (24, 1), (38, 1), (28, 1), (11, 1), (20, 1), (31, 1), (29, 1), (26, 1), (0, 1), (21, 1), (6, 1), (40, 1), (10, 1), (27, 1), (96, 2), (64, 2), (62, 2), (94, 2), (49, 2), (97, 2), (95, 2), (66, 2), (76, 2), (80, 2), (92, 2), (99, 2), (87, 2), (73, 2), (82, 2), (88, 2), (81, 2), (58, 2), (79, 2), (75, 2), 
Generation 48:(24, 1), (14, 1), (21, 1), (37, 1), (20, 1), (30, 1), (5, 1), (12, 1), (40, 1), (33, 1), (9, 1), (39, 1), (34, 1), (2, 1), (11, 1), (23, 1), (17, 1), (27, 1), (8, 1), (43, 1), (69, 2), (61, 2), (89, 2), (95, 2), (54, 2), (60, 2), (80, 2), (91, 2), (96, 2), (55, 2), (57, 2), (65, 2), (79, 2), (68, 2), (97, 2), (62, 2), (76, 2), (74, 2), (83, 2), (66, 2), 
Generation 49:(33, 1), (20, 1), (4, 1), (3, 1), (39, 1), (24, 1), (16, 1), (25, 1), (2, 1), (8, 1), (14, 1), (12, 1), (5, 1), (36, 1), (18, 1), (32, 1), (11, 1), (31, 1), (15, 1), (1, 1), (65, 2), (84, 2), (95, 2), (63, 2), (82, 2), (83, 2), (88, 2), (80, 2), (78, 2), (94, 2), (87, 2), (72, 2), (52, 2), (64, 2), (69, 2), (89, 2), (85, 2), (67, 2), (76, 2), (91, 2), 
Generation 50:(40, 1), (15, 1), (21, 1), (26, 1), (37, 1), (20, 1), (12, 1), (35, 1), (43, 1), (1, 1), (11, 1), (14, 1), (36, 1), (34, 1), (39, 1), (32, 1), (41, 1), (0, 1), (33, 1), (8, 1), (73, 2), (89, 2), (72, 2), (74, 2), (87, 2), (98, 2), (95, 2), (64, 2), (71, 2), (78, 2), (83, 2), (59, 2), (58, 2), (92, 2), (68, 2), (63, 2), (90, 2), (54, 2), (85, 2), (52, 2), 
Generation 51:(19, 1), (11, 1), (22, 1), (28, 1), (2, 1), (29, 1), (15, 1), (25, 1), (12, 1), (43, 1), (23, 1), (7, 1), (42, 1), (37, 1), (31, 1), (9, 1), (24, 1), (35, 1), (3, 1), (18, 1), (69, 2), (73, 2), (78, 2), (87, 2), (81, 2), (92, 2), (90, 2), (95, 2), (68, 2), (83, 2), (88, 2), (59, 2), (85, 2), (66, 2), (98, 2), (97, 2), (60, 2), (62, 2), (84, 2), (67, 2), 
Generation 52:(15, 1), (8, 1), (28, 1), (30, 1), (5, 1), (37, 1), (14, 1), (31, 1), (34, 1), (20, 1), (18, 1), (3, 1), (19, 1), (9, 1), (44, 1), (2, 1), (17, 1), (16, 1), (33, 1), (25, 1), (60, 2), (95, 2), (70, 2), (79, 2), (98, 2), (57, 2), (66, 2), (82, 2), (84, 2), (96, 2), (67, 2), (62, 2), (91, 2), (61, 2), (58, 2), (63, 2), (77, 2), (78, 2), (72, 2), (75, 2), 
Generation 53:(19, 1), (6, 1), (37, 1), (15, 1), (42, 1), (41, 1), (30, 1), (12, 1), (13, 1), (3, 1), (21, 1), (2, 1), (18, 1), (39, 1), (32, 1), (23, 1), (5, 1), (0, 1), (8, 1), (7, 1), (57, 2), (77, 2), (80, 2), (98, 2), (86, 2), (72, 2), (70, 2), (90, 2), (71, 2), (87, 2), (84, 2), (73, 2), (76, 2), (89, 2), (79, 2), (75, 2), (68, 2), (65, 2), (63, 2), (54, 2), 
Generation 54:(6, 1), (35, 1), (16, 1), (38, 1), (33, 1), (30, 1), (1, 1), (43, 1), (24, 1), (18, 1), (2, 1), (0, 1), (15, 1), (5, 1), (7, 1), (13, 1), (34, 1), (42, 1), (17, 1), (10, 1), (63, 2), (84, 2), (61, 2), (59, 2), (82, 2), (70, 2), (95, 2), (71, 2), (67, 2), (76, 2), (80, 2), (79, 2), (66, 2), (93, 2), (92, 2), (73, 2), (83, 2), (68, 2), (78, 2), (77, 2), 
Generation 55:(23, 1), (15, 1), (5, 1), (22, 1), (14, 1), (42, 1), (1, 1), (40, 1), (21, 1), (2, 1), (25, 1), (37, 1), (4, 1), (39, 1), (33, 1), (28, 1), (34, 1), (11, 1), (41, 1), (19, 1), (60, 2), (88, 2), (87, 2), (69, 2), (85, 2), (70, 2), (89, 2), (75, 2), (71, 2), (58, 2), (67, 2), (95, 2), (57, 2), (61, 2), (79, 2), (82, 2), (56, 2), (81, 2), (76, 2), (93, 2), 
Generation 56:(37, 1), (43, 1), (26, 1), (29, 1), (30, 1), (21, 1), (38, 1), (7, 1), (4, 1), (1, 1), (20, 1), (3, 1), (39, 1), (22, 1), (2, 1), (10, 1), (17, 1), (42, 1), (40, 1), (15, 1), (67, 2), (84, 2), (78, 2), (96, 2), (86, 2), (81, 2), (85, 2), (94, 2), (65, 2), (58, 2), (74, 2), (71, 2), (80, 2), (97, 2), (87, 2), (92, 2), (55, 2), (95, 2), (69, 2), (57, 2), 
Generation 57:(7, 1), (13, 1), (42, 1), (4, 1), (28, 1), (26, 1), (39, 1), (33, 1), (18, 1), (8, 1), (37, 1), (40, 1), (17, 1), (1, 1), (29, 1), (12, 1), (44, 1), (43, 1), (2, 1), (41, 1), (63, 2), (79, 2), (56, 2), (61, 2), (59, 2), (68, 2), (86, 2), (69, 2), (89, 2), (83, 2), (96, 2), (92, 2), (88, 2), (73, 2), (97, 2), (80, 2), (94, 2), (93, 2), (65, 2), (77, 2), 
Generation 58:(12, 1), (7, 1), (23, 1), (18, 1), (46, 1), (33, 1), (36, 1), (0, 1), (31, 1), (13, 1), (16, 1), (43, 1), (5, 1), (35, 1), (8, 1), (32, 1), (42, 1), (27, 1), (45, 1), (41, 1), (96, 2), (63, 2), (83, 2), (85, 2), (67, 2), (94, 2), (60, 2), (79, 2), (81, 2), (88, 2), (89, 2), (71, 2), (99, 2), (75, 2), (73, 2), (58, 2), (87, 2), (74, 2), (91, 2), (80, 2), 
Generation 59:(3, 1), (45, 1), (29, 1), (9, 1), (27, 1), (14, 1), (38, 1), (40, 1), (2, 1), (5, 1), (17, 1), (32, 1), (25, 1), (0, 1), (8, 1), (36, 1), (39, 1), (21, 1), (33, 1), (42, 1), (91, 2), (63, 2), (99, 2), (95, 2), (62, 2), (98, 2), (80, 2), (76, 2), (88, 2), (60, 2), (78, 2), (85, 2), (87, 2), (74, 2), (65, 2), (97, 2), (68, 2), (61, 2), (79, 2), (86, 2), 
Generation 60:(38, 1), (26, 1), (48, 1), (46, 1), (29, 1), (0, 1), (44, 1), (20, 1), (43, 1), (27, 1), (28, 1), (24, 1), (3, 1), (16, 1), (45, 1), (6, 1), (25, 1), (9, 1), (32, 1), (23, 1), (65, 2), (98, 2), (70, 2), (61, 2), (94, 2), (89, 2), (92, 2), (93, 2), (59, 2), (67, 2), (74, 2), (69, 2), (87, 2), (58, 2), (91, 2), (62, 2), (80, 2), (78, 2), (95, 2), (84, 2), 
Generation 61:(47, 1), (43, 1), (44, 1), (19, 1), (16, 1), (41, 1), (1, 1), (31, 1), (4, 1), (23, 1), (45, 1), (26, 1), (42, 1), (22, 1), (14, 1), (28, 1), (39, 1), (13, 1), (17, 1), (20, 1), (61, 2), (82, 2), (91, 2), (83, 2), (75, 2), (99, 2), (92, 2), (89, 2), (70, 2), (93, 2), (85, 2), (64, 2), (94, 2), (96, 2), (73, 2), (88, 2), (71, 2), (68, 2), (77, 2), (67, 2), 
Generation 62:(18, 1), (22, 1), (17, 1), (1, 1), (10, 1), (16, 1), (20, 1), (6, 1), (2, 1), (14, 1), (32, 1), (31, 1), (41, 1), (13, 1), (24, 1), (28, 1), (27, 1), (42, 1), (39, 1), (36, 1), (72, 2), (91, 2), (87, 2), (94, 2), (70, 2), (93, 2), (97, 2), (74, 2), (75, 2), (77, 2), (85, 2), (84, 2), (96, 2), (95, 2), (67, 2), (80, 2), (78, 2), (92, 2), (83, 2), (69, 2), 
Generation 63:(38, 1), (47, 1), (50, 1), (6, 1), (40, 1), (10, 1), (43, 1), (49, 1), (9, 1), (27, 1), (20, 1), (45, 1), (29, 1), (32, 1), (7, 1), (24, 1), (52, 1), (2, 1), (22, 1), (37, 1), (99, 2), (74, 2), (69, 2), (65, 2), (64, 2), (85, 2), (78, 2), (89, 2), (86, 2), (81, 2), (92, 2), (98, 2), (75, 2), (70, 2), (76, 2), (60, 2), (82, 2), (62, 2), (73, 2), (90, 2), 
Generation 64:(25, 1), (31, 1), (20, 1), (48, 1), (14, 1), (18, 1), (24, 1), (28, 1), (47, 1), (9, 1), (8, 1), (15, 1), (49, 1), (0, 1), (38, 1), (43, 1), (46, 1), (30, 1), (34, 1), (32, 1), (83, 2), (91, 2), (71, 2), (90, 2), (86, 2), (94, 2), (67, 2), (92, 2), (99, 2), (66, 2), (73, 2), (78, 2), (77, 2), (70, 2), (68, 2), (75, 2), (89, 2), (97, 2), (80, 2), (95, 2), 
Generation 65:(40, 1), (32, 1), (14, 1), (53, 1), (28, 1), (49, 1), (25, 1), (16, 1), (0, 1), (21, 1), (51, 1), (46, 1), (1, 1), (48, 1), (11, 1), (23, 1), (50, 1), (22, 1), (36, 1), (3, 1), (62, 2), (95, 2), (86, 2), (83, 2), (75, 2), (71, 2), (72, 2), (91, 2), (76, 2), (99, 2), (87, 2), (98, 2), (66, 2), (70, 2), (74, 2), (63, 2), (90, 2), (64, 2), (80, 2), (96, 2), 
Generation 66:(40, 1), (5, 1), (38, 1), (27, 1), (8, 1), (4, 1), (22, 1), (23, 1), (41, 1), (0, 1), (47, 1), (42, 1), (20, 1), (45, 1), (25, 1), (36, 1), (17, 1), (32, 1), (52, 1), (29, 1), (92, 2), (91, 2), (75, 2), (70, 2), (69, 2), (68, 2), (86, 2), (77, 2), (76, 2), (95, 2), (80, 2), (98, 2), (94, 2), (84, 2), (83, 2), (89, 2), (88, 2), (65, 2), (93, 2), (97, 2), 
Generation 67:(7, 1), (32, 1), (9, 1), (52, 1), (33, 1), (45, 1), (39, 1), (56, 1), (29, 1), (55, 1), (40, 1), (34, 1), (8, 1), (17, 1), (46, 1), (28, 1), (6, 1), (50, 1), (36, 1), (16, 1), (64, 2), (88, 2), (99, 2), (97, 2), (72, 2), (82, 2), (80, 2), (84, 2), (83, 2), (94, 2), (93, 2), (92, 2), (85, 2), (73, 2), (79, 2), (86, 2), (69, 2), (75, 2), (91, 2), (68, 2), 
Generation 68:(48, 1), (43, 1), (38, 1), (39, 1), (10, 1), (53, 1), (47, 1), (32, 1), (15, 1), (46, 1), (44, 1), (11, 1), (41, 1), (24, 1), (19, 1), (55, 1), (51, 1), (54, 1), (28, 1), (57, 1), (80, 2), (90, 2), (84, 2), (88, 2), (71, 2), (74, 2), (69, 2), (81, 2), (73, 2), (75, 2), (76, 2), (70, 2), (97, 2), (96, 2), (93, 2), (78, 2), (85, 2), (91, 2), (82, 2), (95, 2), 
Generation 69:(25, 1), (31, 1), (48, 1), (8, 1), (50, 1), (18, 1), (52, 1), (60, 1), (43, 1), (58, 1), (7, 1), (37, 1), (0, 1), (53, 1), (42, 1), (24, 1), (23, 1), (29, 1), (11, 1), (41, 1), (89, 2), (71, 2), (90, 2), (93, 2), (75, 2), (87, 2), (73, 2), (79, 2), (69, 2), (76, 2), (97, 2), (88, 2), (80, 2), (77, 2), (85, 2), (96, 2), (82, 2), (84, 2), (78, 2), (91, 2), 
Generation 70:(29, 1), (51, 1), (8, 1), (14, 1), (19, 1), (37, 1), (18, 1), (48, 1), (38, 1), (57, 1), (42, 1), (61, 1), (60, 1), (12, 1), (27, 1), (40, 1), (31, 1), (46, 1), (3, 1), (25, 1), (84, 2), (95, 2), (93, 2), (82, 2), (94, 2), (96, 2), (98, 2), (90, 2), (86, 2), (85, 2), (88, 2), (79, 2), (83, 2), (70, 2), (78, 2), (75, 2), (71, 2), (72, 2), (92, 2), (89, 2), 
Generation 71:(55, 1), (44, 1), (7, 1), (29, 1), (37, 1), (4, 1), (22, 1), (13, 1), (0, 1), (28, 1), (1, 1), (31, 1), (43, 1), (45, 1), (5, 1), (48, 1), (12, 1), (17, 1), (24, 1), (19, 1), (81, 2), (74, 2), (90, 2), (70, 2), (96, 2), (87, 2), (98, 2), (89, 2), (79, 2), (83, 2), (71, 2), (92, 2), (78, 2), (80, 2), (76, 2), (85, 2), (75, 2), (93, 2), (86, 2), (94, 2), 
Generation 72:(24, 1), (7, 1), (30, 1), (18, 1), (1, 1), (14, 1), (36, 1), (32, 1), (57, 1), (50, 1), (8, 1), (0, 1), (40, 1), (5, 1), (26, 1), (15, 1), (44, 1), (10, 1), (43, 1), (12, 1), (78, 2), (68, 2), (71, 2), (86, 2), (91, 2), (90, 2), (84, 2), (85, 2), (73, 2), (98, 2), (82, 2), (79, 2), (93, 2), (99, 2), (80, 2), (75, 2), (74, 2), (94, 2), (67, 2), (69, 2), 
Generation 73:(7, 1), (26, 1), (9, 1), (35, 1), (48, 1), (6, 1), (49, 1), (1, 1), (45, 1), (18, 1), (55, 1), (23, 1), (29, 1), (52, 1), (51, 1), (38, 1), (31, 1), (44, 1), (24, 1), (54, 1), (90, 2), (84, 2), (93, 2), (68, 2), (95, 2), (78, 2), (73, 2), (75, 2), (85, 2), (96, 2), (91, 2), (70, 2), (80, 2), (67, 2), (65, 2), (77, 2), (83, 2), (71, 2), (97, 2), (89, 2), 
Generation 74:(52, 1), (2, 1), (11, 1), (5, 1), (39, 1), (40, 1), (13, 1), (20, 1), (21, 1), (47, 1), (36, 1), (55, 1), (50, 1), (27, 1), (28, 1), (30, 1), (1, 1), (53, 1), (9, 1), (22, 1), (92, 2), (87, 2), (78, 2), (93, 2), (71, 2), (89, 2), (86, 2), (68, 2), (85, 2), (84, 2), (82, 2), (97, 2), (80, 2), (98, 2), (81, 2), (75, 2), (99, 2), (96, 2), (74, 2), (67, 2), 
Generation 75:(25, 1), (40, 1), (19, 1), (12, 1), (5, 1), (34, 1), (57, 1), (32, 1), (13, 1), (7, 1), (28, 1), (48, 1), (8, 1), (46, 1), (26, 1), (58, 1), (14, 1), (39, 1), (17, 1), (9, 1), (96, 2), (98, 2), (90, 2), (84, 2), (78, 2), (80, 2), (97, 2), (75, 2), (71, 2), (87, 2), (81, 2), (92, 2), (68, 2), (76, 2), (77, 2), (86, 2), (88, 2), (67, 2), (89, 2), (91, 2), 
Generation 76:(18, 1), (28, 1), (26, 1), (50, 1), (52, 1), (40, 1), (12, 1), (58, 1), (22, 1), (8, 1), (7, 1), (24, 1), (4, 1), (2, 1), (55, 1), (21, 1), (30, 1), (10, 1), (45, 1), (56, 1), (98, 2), (95, 2), (91, 2), (92, 2), (88, 2), (77, 2), (93, 2), (74, 2), (87, 2), (66, 2), (79, 2), (76, 2), (99, 2), (69, 2), (67, 2), (72, 2), (82, 2), (97, 2), (70, 2), (96, 2), 
Generation 77:(38, 1), (37, 1), (26, 1), (3, 1), (11, 1), (52, 1), (2, 1), (30, 1), (10, 1), (53, 1), (29, 1), (36, 1), (8, 1), (54, 1), (32, 1), (33, 1), (56, 1), (47, 1), (14, 1), (45, 1), (71, 2), (74, 2), (76, 2), (69, 2), (90, 2), (80, 2), (97, 2), (96, 2), (82, 2), (77, 2), (98, 2), (79, 2), (88, 2), (91, 2), (75, 2), (67, 2), (92, 2), (83, 2), (89, 2), (73, 2), 
Generation 78:(47, 1), (36, 1), (6, 1), (5, 1), (30, 1), (9, 1), (56, 1), (57, 1), (23, 1), (20, 1), (51, 1), (11, 1), (1, 1), (32, 1), (2, 1), (50, 1), (19, 1), (37, 1), (22, 1), (44, 1), (91, 2), (81, 2), (94, 2), (88, 2), (89, 2), (68, 2), (72, 2), (78, 2), (87, 2), (93, 2), (95, 2), (74, 2), (77, 2), (92, 2), (75, 2), (90, 2), (80, 2), (83, 2), (69, 2), (79, 2), 
Generation 79:(46, 1), (44, 1), (5, 1), (26, 1), (47, 1), (24, 1), (10, 1), (11, 1), (6, 1), (36, 1), (23, 1), (45, 1), (33, 1), (54, 1), (4, 1), (28, 1), (53, 1), (16, 1), (9, 1), (58, 1), (84, 2), (96, 2), (70, 2), (88, 2), (87, 2), (68, 2), (91, 2), (95, 2), (78, 2), (77, 2), (76, 2), (80, 2), (98, 2), (92, 2), (86, 2), (97, 2), (89, 2), (71, 2), (72, 2), (90, 2), 
Generation 80:(49, 1), (1, 1), (12, 1), (2, 1), (36, 1), (48, 1), (44, 1), (27, 1), (59, 1), (41, 1), (32, 1), (26, 1), (57, 1), (25, 1), (43, 1), (17, 1), (16, 1), (20, 1), (11, 1), (8, 1), (72, 2), (89, 2), (77, 2), (99, 2), (76, 2), (85, 2), (75, 2), (92, 2), (80, 2), (91, 2), (79, 2), (71, 2), (97, 2), (69, 2), (82, 2), (83, 2), (94, 2), (96, 2), (78, 2), (95, 2), 
Generation 81:(12, 1), (1, 1), (19, 1), (28, 1), (59, 1), (21, 1), (38, 1), (2, 1), (55, 1), (7, 1), (31, 1), (24, 1), (45, 1), (8, 1), (40, 1), (3, 1), (0, 1), (23, 1), (33, 1), (14, 1), (79, 2), (68, 2), (95, 2), (86, 2), (96, 2), (75, 2), (87, 2), (91, 2), (97, 2), (74, 2), (80, 2), (90, 2), (69, 2), (78, 2), (94, 2), (76, 2), (83, 2), (81, 2), (89, 2), (82, 2), 
Generation 82:(37, 1), (30, 1), (2, 1), (35, 1), (8, 1), (41, 1), (28, 1), (23, 1), (54, 1), (25, 1), (15, 1), (45, 1), (46, 1), (12, 1), (31, 1), (21, 1), (4, 1), (52, 1), (17, 1), (36, 1), (69, 2), (82, 2), (95, 2), (98, 2), (94, 2), (87, 2), (84, 2), (71, 2), (88, 2), (81, 2), (68, 2), (67, 2), (72, 2), (73, 2), (75, 2), (90, 2), (91, 2), (83, 2), (85, 2), (66, 2), 
Generation 83:(14, 1), (28, 1), (36, 1), (17, 1), (51, 1), (32, 1), (3, 1), (21, 1), (47, 1), (5, 1), (45, 1), (15, 1), (54, 1), (42, 1), (2, 1), (49, 1), (11, 1), (18, 1), (12, 1), (55, 1), (86, 2), (77, 2), (93, 2), (63, 2), (65, 2), (71, 2), (87, 2), (83, 2), (73, 2), (94, 2), (98, 2), (67, 2), (74, 2), (68, 2), (85, 2), (96, 2), (64, 2), (90, 2), (72, 2), (84, 2), 
Generation 84:(52, 1), (16, 1), (28, 1), (7, 1), (20, 1), (22, 1), (50, 1), (23, 1), (4, 1), (31, 1), (40, 1), (37, 1), (21, 1), (30, 1), (49, 1), (32, 1), (11, 1), (12, 1), (13, 1), (14, 1), (82, 2), (65, 2), (91, 2), (98, 2), (75, 2), (80, 2), (97, 2), (96, 2), (73, 2), (88, 2), (72, 2), (84, 2), (86, 2), (66, 2), (77, 2), (69, 2), (87, 2), (79, 2), (70, 2), (95, 2), 
Generation 85:(29, 1), (22, 1), (8, 1), (21, 1), (44, 1), (48, 1), (24, 1), (15, 1), (12, 1), (41, 1), (13, 1), (43, 1), (25, 1), (52, 1), (39, 1), (35, 1), (45, 1), (18, 1), (2, 1), (9, 1), (97, 2), (69, 2), (95, 2), (85, 2), (71, 2), (86, 2), (74, 2), (96, 2), (81, 2), (67, 2), (73, 2), (88, 2), (84, 2), (93, 2), (77, 2), (98, 2), (99, 2), (92, 2), (78, 2), (64, 2), 
Generation 86:(8, 1), (46, 1), (39, 1), (17, 1), (2, 1), (21, 1), (32, 1), (50, 1), (27, 1), (51, 1), (20, 1), (10, 1), (34, 1), (0, 1), (38, 1), (37, 1), (16, 1), (53, 1), (44, 1), (18, 1), (78, 2), (77, 2), (65, 2), (81, 2), (84, 2), (74, 2), (83, 2), (95, 2), (86, 2), (91, 2), (90, 2), (66, 2), (97, 2), (68, 2), (85, 2), (67, 2), (79, 2), (96, 2), (93, 2), (73, 2), 
Generation 87:(18, 1), (6, 1), (15, 1), (13, 1), (22, 1), (39, 1), (54, 1), (53, 1), (7, 1), (43, 1), (8, 1), (46, 1), (36, 1), (27, 1), (30, 1), (32, 1), (26, 1), (17, 1), (29, 1), (5, 1), (67, 2), (92, 2), (97, 2), (81, 2), (98, 2), (78, 2), (87, 2), (89, 2), (73, 2), (90, 2), (95, 2), (65, 2), (69, 2), (93, 2), (82, 2), (68, 2), (86, 2), (80, 2), (66, 2), (72, 2), 
Generation 88:(15, 1), (5, 1), (36, 1), (49, 1), (40, 1), (44, 1), (27, 1), (52, 1), (50, 1), (37, 1), (39, 1), (22, 1), (4, 1), (46, 1), (0, 1), (9, 1), (45, 1), (12, 1), (17, 1), (14, 1), (64, 2), (96, 2), (87, 2), (66, 2), (88, 2), (81, 2), (99, 2), (92, 2), (71, 2), (80, 2), (67, 2), (77, 2), (82, 2), (75, 2), (63, 2), (93, 2), (62, 2), (74, 2), (78, 2), (72, 2), 
Generation 89:(22, 1), (35, 1), (5, 1), (15, 1), (24, 1), (2, 1), (27, 1), (0, 1), (33, 1), (52, 1), (47, 1), (7, 1), (19, 1), (20, 1), (39, 1), (26, 1), (36, 1), (3, 1), (18, 1), (10, 1), (66, 2), (97, 2), (93, 2), (85, 2), (78, 2), (73, 2), (96, 2), (82, 2), (94, 2), (74, 2), (86, 2), (70, 2), (92, 2), (64, 2), (75, 2), (72, 2), (89, 2), (79, 2), (98, 2), (68, 2), 
Generation 90:(11, 1), (45, 1), (48, 1), (49, 1), (18, 1), (50, 1), (12, 1), (6, 1), (3, 1), (31, 1), (16, 1), (0, 1), (7, 1), (38, 1), (13, 1), (32, 1), (46, 1), (9, 1), (35, 1), (39, 1), (60, 2), (80, 2), (76, 2), (82, 2), (99, 2), (92, 2), (97, 2), (73, 2), (86, 2), (64, 2), (78, 2), (84, 2), (61, 2), (77, 2), (88, 2), (83, 2), (70, 2), (91, 2), (85, 2), (95, 2), 
Generation 91:(48, 1), (46, 1), (19, 1), (44, 1), (30, 1), (16, 1), (2, 1), (20, 1), (34, 1), (5, 1), (27, 1), (26, 1), (10, 1), (7, 1), (41, 1), (4, 1), (36, 1), (29, 1), (18, 1), (21, 1), (91, 2), (88, 2), (95, 2), (90, 2), (92, 2), (72, 2), (76, 2), (75, 2), (83, 2), (73, 2), (84, 2), (64, 2), (80, 2), (99, 2), (86, 2), (87, 2), (66, 2), (71, 2), (78, 2), (74, 2), 
Generation 92:(32, 1), (0, 1), (46, 1), (19, 1), (3, 1), (31, 1), (9, 1), (37, 1), (36, 1), (28, 1), (52, 1), (8, 1), (13, 1), (45, 1), (1, 1), (51, 1), (22, 1), (14, 1), (24, 1), (23, 1), (94, 2), (67, 2), (65, 2), (81, 2), (95, 2), (89, 2), (70, 2), (77, 2), (91, 2), (92, 2), (61, 2), (83, 2), (62, 2), (80, 2), (84, 2), (64, 2), (63, 2), (82, 2), (96, 2), (87, 2), 
Generation 93:(18, 1), (23, 1), (43, 1), (6, 1), (31, 1), (22, 1), (13, 1), (4, 1), (37, 1), (2, 1), (45, 1), (27, 1), (33, 1), (29, 1), (48, 1), (32, 1), (49, 1), (9, 1), (35, 1), (21, 1), (77, 2), (89, 2), (80, 2), (65, 2), (78, 2), (76, 2), (69, 2), (81, 2), (70, 2), (75, 2), (61, 2), (71, 2), (62, 2), (99, 2), (73, 2), (67, 2), (98, 2), (79, 2), (74, 2), (88, 2), 
Generation 94:(34, 1), (3, 1), (12, 1), (48, 1), (41, 1), (33, 1), (22, 1), (32, 1), (8, 1), (46, 1), (30, 1), (0, 1), (27, 1), (49, 1), (24, 1), (36, 1), (1, 1), (5, 1), (2, 1), (50, 1), (65, 2), (89, 2), (76, 2), (73, 2), (93, 2), (90, 2), (86, 2), (98, 2), (80, 2), (85, 2), (61, 2), (81, 2), (59, 2), (72, 2), (94, 2), (67, 2), (66, 2), (82, 2), (60, 2), (77, 2), 
Generation 95:(39, 1), (28, 1), (42, 1), (37, 1), (17, 1), (15, 1), (43, 1), (27, 1), (9, 1), (31, 1), (22, 1), (0, 1), (19, 1), (25, 1), (23, 1), (30, 1), (4, 1), (7, 1), (16, 1), (1, 1), (95, 2), (71, 2), (69, 2), (86, 2), (72, 2), (89, 2), (61, 2), (85, 2), (91, 2), (74, 2), (67, 2), (94, 2), (92, 2), (79, 2), (93, 2), (81, 2), (87, 2), (99, 2), (70, 2), (88, 2), 
Generation 96:(3, 1), (50, 1), (25, 1), (8, 1), (44, 1), (45, 1), (37, 1), (14, 1), (28, 1), (18, 1), (12, 1), (29, 1), (13, 1), (4, 1), (6, 1), (34, 1), (32, 1), (5, 1), (1, 1), (9, 1), (96, 2), (92, 2), (89, 2), (95, 2), (68, 2), (87, 2), (65, 2), (58, 2), (99, 2), (93, 2), (94, 2), (64, 2), (75, 2), (66, 2), (78, 2), (88, 2), (91, 2), (74, 2), (72, 2), (69, 2), 
Generation 97:(11, 1), (6, 1), (28, 1), (12, 1), (13, 1), (35, 1), (26, 1), (17, 1), (7, 1), (46, 1), (32, 1), (16, 1), (47, 1), (5, 1), (33, 1), (31, 1), (25, 1), (0, 1), (23, 1), (44, 1), (99, 2), (78, 2), (58, 2), (75, 2), (72, 2), (69, 2), (96, 2), (70, 2), (68, 2), (76, 2), (97, 2), (88, 2), (60, 2), (85, 2), (67, 2), (73, 2), (95, 2), (90, 2), (91, 2), (65, 2), 
Generation 98:(30, 1), (13, 1), (3, 1), (46, 1), (5, 1), (12, 1), (34, 1), (4, 1), (14, 1), (2, 1), (31, 1), (39, 1), (10, 1), (9, 1), (27, 1), (7, 1), (37, 1), (24, 1), (43, 1), (20, 1), (73, 2), (95, 2), (88, 2), (75, 2), (99, 2), (64, 2), (92, 2), (63, 2), (66, 2), (65, 2), (90, 2), (80, 2), (91, 2), (77, 2), (69, 2), (89, 2), (74, 2), (79, 2), (62, 2), (98, 2), 
Generation 99:(4, 1), (3, 1), (29, 1), (18, 1), (30, 1), (24, 1), (10, 1), (32, 1), (45, 1), (27, 1), (23, 1), (2, 1), (35, 1), (7, 1), (0, 1), (11, 1), (8, 1), (44, 1), (25, 1), (12, 1), (91, 2), (85, 2), (76, 2), (57, 2), (83, 2), (68, 2), (72, 2), (99, 2), (96, 2), (80, 2), (94, 2), (78, 2), (59, 2), (89, 2), (86, 2), (74, 2), (70, 2), (95, 2), (90, 2), (93, 2), 
Generation 100:(45, 1), (27, 1), (39, 1), (13, 1), (17, 1), (42, 1), (12, 1), (1, 1), (41, 1), (15, 1), (10, 1), (31, 1), (32, 1), (14, 1), (37, 1), (48, 1), (18, 1), (11, 1), (7, 1), (36, 1), (60, 2), (89, 2), (91, 2), (85, 2), (98, 2), (76, 2), (62, 2), (77, 2), (59, 2), (96, 2), (94, 2), (82, 2), (56, 2), (95, 2), (71, 2), (84, 2), (93, 2), (64, 2), (58, 2), (73, 2), 
Generation 101: