Generation 0:
Generation 1:(11, 1), (1, 1), (48, 1), (35, 1), (12, 1), (45, 1), (25, 1), (36, 1), (41, 1), (39, 1), (2, 1), (21, 1), (22, 1), (15, 1), (9, 1), (3, 1), (44, 1), (47, 1), (29, 1), (37, 1), (74, 2), (58, 2), (53, 2), (63, 2), (64, 2), (91, 2), (96, 2), (87, 2), (56, 2), (61, 2), (88, 2), (67, 2), (92, 2), (72, 2), (90, 2), (78, 2), (82, 2), (99, 2), (62, 2), (59, 2), 
Generation 2:(16, 1), (9, 1), (29, 1), (26, 1), (25, 1), (38, 1), (18, 1), (20, 1), (12, 1), (1, 1), (23, 1), (10, 1), (35, 1), (2, 1), (21, 1), (27, 1), (37, 1), (3, 1), (39, 1), (13, 1), (65, 2), (78, 2), (98, 2), (89, 2), (67, 2), (84, 2), (85, 2), (62, 2), (83, 2), (71, 2), (69, 2), (96, 2), (82, 2), (63, 2), (66, 2), (99, 2), (72, 2), (79, 2), (64, 2), (73, 2), 
Generation 3:(36, 1), (24, 1), (33, 1), (13, 1), (20, 1), (5, 1), (23, 1), (18, 1), (10, 1), (21, 1), (32, 1), (25, 1), (1, 1), (39, 1), (8, 1), (6, 1), (40, 1), (19, 1), (26, 1), (22, 1), (75, 2), (78, 2), (77, 2), (83, 2), (76, 2), (67, 2), (57, 2), (80, 2), (88, 2), (72, 2), (92, 2), (82, 2), (63, 2), (90, 2), (96, 2), (70, 2), (87, 2), (61, 2), (73, 2), (99, 2), 
Generation 4:(2, 1), (34, 1), (24, 1), (28, 1), (1, 1), (17, 1), (40, 1), (22, 1), (10, 1), (7, 1), (33, 1), (9, 1), (29, 1), (16, 1), (12, 1), (43, 1), (44, 1), (11, 1), (8, 1), (19, 1), (71, 2), (56, 2), (64, 2), (59, 2), (69, 2), (94, 2), (78, 2), (60, 2), (55, 2), (97, 2), (95, 2), (76, 2), (77, 2), (93, 2), (74, 2), (82, 2), (87, 2), (58, 2), (65, 2), (88, 2), 
Generation 5:(13, 1), (24, 1), (18, 1), (11, 1), (23, 1), (33, 1), (38, 1), (6, 1), (0, 1), (2, 1), (17, 1), (37, 1), (7, 1), (39, 1), (26, 1), (20, 1), (3, 1), (12, 1), (10, 1), (28, 1), (79, 2), (65, 2), (94, 2), (74, 2), (80, 2), (83, 2), (89, 2), (84, 2), (86, 2), (59, 2), (68, 2), (67, 2), (93, 2), (71, 2), (58, 2), (87, 2), (61, 2), (91, 2), (97, 2), (56, 2), 
Generation 6:(22, 1), (34, 1), (27, 1), (1, 1), (40, 1), (14, 1), (41, 1), (35, 1), (19, 1), (21, 1), (7, 1), (10, 1), (8, 1), (3, 1), (24, 1), (13, 1), (32, 1), (33, 1), (26, 1), (36, 1), (61, 2), (81, 2), (63, 2), (93, 2), (82, 2), (60, 2), (70, 2), (91, 2), (94, 2), (69, 2), (92, 2), (85, 2), (77, 2), (53, 2), (74, 2), (58, 2), (62, 2), (68, 2), (66, 2), (88, 2), 
Generation 7:(3, 1), (37, 1), (1, 1), (2, 1), (12, 1), (18, 1), (27, 1), (32, 1), (6, 1), (4, 1), (11, 1), (30, 1), (28, 1), (9, 1), (13, 1), (35, 1), (0, 1), (26, 1), (22, 1), (21, 1), (99, 2), (62, 2), (61, 2), (60, 2), (77, 2), (83, 2), (91, 2), (98, 2), (78, 2), (88, 2), (55, 2), (89, 2), (65, 2), (66, 2), (56, 2), (94, 2), (69, 2), (64, 2), (67, 2), (59, 2), 
Generation 8:(14, 1), (12, 1), (4, 1), (7, 1), (13, 1), (3, 1), (23, 1), (18, 1), (20, 1), (5, 1), (22, 1), (29, 1), (28, 1), (15, 1), (31, 1), (9, 1), (1, 1), (33, 1), (11, 1), (19, 1), (96, 2), (89, 2), (93, 2), (51, 2), (52, 2), (66, 2), (81, 2), (70, 2), (87, 2), (63, 2), (68, 2), (59, 2), (60, 2), (57, 2), (78, 2), (94, 2), (92, 2), (67, 2), (54, 2), (91, 2), 
Generation 9:(32, 1), (10, 1), (21, 1), (25, 1), (2, 1), (19, 1), (11, 1), (29, 1), (4, 1), (26, 1), (17, 1), (15, 1), (28, 1), (20, 1), (13, 1), (30, 1), (22, 1), (24, 1), (8, 1), (23, 1), (46, 2), (58, 2), (73, 2), (79, 2), (68, 2), (90, 2), (53, 2), (51, 2), (74, 2), (88, 2), (83, 2), (87, 2), (99, 2), (97, 2), (89, 2), (81, 2), (94, 2), (91, 2), (78, 2), (96, 2), 
Generation 10:(26, 1), (12, 1), (28, 1), (20, 1), (22, 1), (31, 1), (14, 1), (35, 1), (30, 1), (33, 1), (24, 1), (36, 1), (15, 1), (29, 1), (1, 1), (6, 1), (17, 1), (34, 1), (25, 1), (7, 1), (64, 2), (51, 2), (70, 2), (53, 2), (60, 2), (74, 2), (89, 2), (63, 2), (76, 2), (68, 2), (46, 2), (78, 2), (81, 2), (97, 2), (56, 2), (95, 2), (75, 2), (50, 2), (84, 2), (47, 2), 
Generation 11:(3, 1), (10, 1), (18, 1), (31, 1), (5, 1), (25, 1), (19, 1), (20, 1), (7, 1), (15, 1), (27, 1), (21, 1), (34, 1), (14, 1), (17, 1), (32, 1), (22, 1), (33, 1), (23, 1), (11, 1), (65, 2), (84, 2), (93, 2), (96, 2), (64, 2), (75, 2), (87, 2), (58, 2), (59, 2), (68, 2), (56, 2), (81, 2), (98, 2), (80, 2), (71, 2), (49, 2), (55, 2), (82, 2), (61, 2), (70, 2), 
Generation 12:(29, 1), (9, 1), (26, 1), (31, 1), (18, 1), (27, 1), (3, 1), (15, 1), (12, 1), (17, 1), (2, 1), (7, 1), (23, 1), (1, 1), (20, 1), (6, 1), (8, 1), (11, 1), (19, 1), (13, 1), (65, 2), (59, 2), (50, 2), (62, 2), (92, 2), (48, 2), (74, 2), (89, 2), (70, 2), (93, 2), (51, 2), (97, 2), (73, 2), (54, 2), (76, 2), (85, 2), (58, 2), (69, 2), (99, 2), (63, 2), 
Generation 13:(21, 1), (5, 1), (14, 1), (1, 1), (30, 1), (25, 1), (27, 1), (17, 1), (11, 1), (26, 1), (6, 1), (2, 1), (10, 1), (7, 1), (13, 1), (29, 1), (20, 1), (19, 1), (9, 1), (3, 1), (63, 2), (89, 2), (95, 2), (98, 2), (42, 2), (99, 2), (66, 2), (49, 2), (52, 2), (73, 2), (90, 2), (71, 2), (65, 2), (64, 2), (61, 2), (50, 2), (81, 2), (46, 2), (70, 2), (55, 2), 
Generation 14:(0, 1), (5, 1), (20, 1), (6, 1), (22, 1), (15, 1), (14, 1), (18, 1), (24, 1), (13, 1), (17, 1), (9, 1), (8, 1), (21, 1), (25, 1), (3, 1), (12, 1), (23, 1), (1, 1), (2, 1), (81, 2), (91, 2), (85, 2), (48, 2), (96, 2), (70, 2), (71, 2), (89, 2), (53, 2), (99, 2), (98, 2), (58, 2), (94, 2), (64, 2), (82, 2), (79, 2), (87, 2), (66, 2), (59, 2), (49, 2), 
Generation 15:(14, 1), (1, 1), (26, 1), (5, 1), (22, 1), (24, 1), (20, 1), (10, 1), (19, 1), (4, 1), (16, 1), (3, 1), (7, 1), (29, 1), (15, 1), (13, 1), (28, 1), (2, 1), (8, 1), (9, 1), (94, 2), (90, 2), (97, 2), (77, 2), (63, 2), (57, 2), (69, 2), (66, 2), (81, 2), (60, 2), (46, 2), (51, 2), (71, 2), (68, 2), (49, 2), (99, 2), (76, 2), (70, 2), (43, 2), (52, 2), 
Generation 16:(7, 1), (19, 1), (21, 1), (8, 1), (16, 1), (27, 1), (22, 1), (5, 1), (28, 1), (25, 1), (6, 1), (20, 1), (17, 1), (18, 1), (24, 1), (9, 1), (23, 1), (14, 1), (11, 1), (0, 1), (57, 2), (94, 2), (51, 2), (66, 2), (97, 2), (49, 2), (67, 2), (83, 2), (53, 2), (69, 2), (77, 2), (64, 2), (76, 2), (74, 2), (44, 2), (50, 2), (99, 2), (93, 2), (80, 2), (91, 2), 
Generation 17:(7, 1), (18, 1), (6, 1), (24, 1), (10, 1), (13, 1), (26, 1), (22, 1), (28, 1), (12, 1), (20, 1), (16, 1), (23, 1), (8, 1), (9, 1), (0, 1), (4, 1), (15, 1), (1, 1), (17, 1), (80, 2), (76, 2), (69, 2), (50, 2), (75, 2), (65, 2), (96, 2), (41, 2), (89, 2), (91, 2), (47, 2), (45, 2), (90, 2), (56, 2), (49, 2), (78, 2), (99, 2), (51, 2), (84, 2), (64, 2), 
Generation 18:(23, 1), (22, 1), (13, 1), (27, 1), (14, 1), (2, 1), (5, 1), (4, 1), (9, 1), (26, 1), (12, 1), (20, 1), (1, 1), (16, 1), (11, 1), (3, 1), (6, 1), (18, 1), (10, 1), (8, 1), (82, 2), (92, 2), (85, 2), (60, 2), (93, 2), (81, 2), (91, 2), (70, 2), (88, 2), (64, 2), (51, 2), (89, 2), (49, 2), (41, 2), (95, 2), (84, 2), (69, 2), (65, 2), (68, 2), (53, 2), 
Generation 19:(26, 1), (1, 1), (15, 1), (23, 1), (19, 1), (20, 1), (8, 1), (0, 1), (3, 1), (4, 1), (22, 1), (13, 1), (5, 1), (17, 1), (10, 1), (11, 1), (29, 1), (18, 1), (12, 1), (14, 1), (84, 2), (63, 2), (47, 2), (95, 2), (65, 2), (58, 2), (86, 2), (48, 2), (49, 2), (45, 2), (41, 2), (60, 2), (93, 2), (91, 2), (56, 2), (78, 2), (64, 2), (51, 2), (77, 2), (39, 2), 
Generation 20:(22, 1), (23, 1), (2, 1), (8, 1), (14, 1), (15, 1), (19, 1), (5, 1), (4, 1), (6, 1), (10, 1), (16, 1), (7, 1), (9, 1), (13, 1), (17, 1), (24, 1), (20, 1), (12, 1), (21, 1), (86, 2), (78, 2), (80, 2), (57, 2), (96, 2), (76, 2), (62, 2), (88, 2), (53, 2), (52, 2), (79, 2), (84, 2), (61, 2), (85, 2), (54, 2), (68, 2), (64, 2), (48, 2), (67, 2), (99, 2), 
Generation 21:(2, 1), (3, 1), (18, 1), (25, 1), (28, 1), (11, 1), (4, 1), (16, 1), (15, 1), (23, 1), (21, 1), (0, 1), (24, 1), (27, 1), (7, 1), (17, 1), (5, 1), (10, 1), (22, 1), (6, 1), (79, 2), (76, 2), (60, 2), (98, 2), (89, 2), (97, 2), (44, 2), (66, 2), (96, 2), (95, 2), (43, 2), (94, 2), (77, 2), (54, 2), (70, 2), (40, 2), (57, 2), (69, 2), (49, 2), (71, 2), 
Generation 22:(9, 1), (0, 1), (6, 1), (7, 1), (5, 1), (23, 1), (27, 1), (17, 1), (4, 1), (19, 1), (13, 1), (22, 1), (12, 1), (3, 1), (1, 1), (2, 1), (10, 1), (15, 1), (8, 1), (18, 1), (91, 2), (96, 2), (57, 2), (51, 2), (58, 2), (69, 2), (89, 2), (68, 2), (61, 2), (82, 2), (73, 2), (54, 2), (85, 2), (88, 2), (62, 2), (52, 2), (55, 2), (86, 2), (46, 2), (59, 2), 
Generation 23:(20, 1), (26, 1), (24, 1), (14, 1), (19, 1), (7, 1), (27, 1), (16, 1), (6, 1), (5, 1), (8, 1), (17, 1), (23, 1), (12, 1), (10, 1), (22, 1), (1, 1), (3, 1), (13, 1), (2, 1), (44, 2), (80, 2), (50, 2), (47, 2), (77, 2), (73, 2), (81, 2), (71, 2), (75, 2), (83, 2), (57, 2), (72, 2), (93, 2), (74, 2), (90, 2), (51, 2), (85, 2), (89, 2), (99, 2), (55, 2), 
Generation 24:(16, 1), (29, 1), (28, 1), (25, 1), (18, 1), (17, 1), (10, 1), (12, 1), (13, 1), (4, 1), (14, 1), (9, 1), (11, 1), (26, 1), (7, 1), (27, 1), (15, 1), (1, 1), (21, 1), (6, 1), (87, 2), (71, 2), (40, 2), (82, 2), (98, 2), (83, 2), (54, 2), (59, 2), (70, 2), (89, 2), (56, 2), (78, 2), (58, 2), (60, 2), (99, 2), (44, 2), (51, 2), (46, 2), (41, 2), (63, 2), 
Generation 25:(4, 1), (22, 1), (26, 1), (3, 1), (5, 1), (10, 1), (7, 1), (20, 1), (24, 1), (13, 1), (23, 1), (12, 1), (1, 1), (11, 1), (18, 1), (21, 1), (8, 1), (19, 1), (6, 1), (17, 1), (88, 2), (40, 2), (96, 2), (75, 2), (58, 2), (83, 2), (62, 2), (93, 2), (59, 2), (76, 2), (97, 2), (42, 2), (85, 2), (51, 2), (56, 2), (69, 2), (98, 2), (44, 2), (71, 2), (43, 2), 
Generation 26:(9, 1), (1, 1), (25, 1), (7, 1), (0, 1), (23, 1), (17, 1), (16, 1), (22, 1), (14, 1), (20, 1), (18, 1), (5, 1), (6, 1), (21, 1), (13, 1), (4, 1), (15, 1), (12, 1), (24, 1), (59, 2), (51, 2), (49, 2), (45, 2), (52, 2), (88, 2), (70, 2), (69, 2), (40, 2), (55, 2), (57, 2), (74, 2), (56, 2), (41, 2), (89, 2), (86, 2), (44, 2), (38, 2), (87, 2), (91, 2), 
Generation 27:(12, 1), (18, 1), (2, 1), (21, 1), (8, 1), (24, 1), (4, 1), (23, 1), (6, 1), (15, 1), (13, 1), (22, 1), (19, 1), (7, 1), (14, 1), (0, 1), (16, 1), (9, 1), (3, 1), (5, 1), (97, 2), (54, 2), (49, 2), (63, 2), (81, 2), (93, 2), (69, 2), (42, 2), (55, 2), (82, 2), (72, 2), (80, 2), (60, 2), (75, 2), (73, 2), (86, 2), (57, 2), (48, 2), (77, 2), (58, 2), 
Generation 28:(9, 1), (15, 1), (8, 1), (26, 1), (16, 1), (10, 1), (12, 1), (20, 1), (11, 1), (2, 1), (21, 1), (18, 1), (0, 1), (7, 1), (13, 1), (27, 1), (3, 1), (17, 1), (4, 1), (6, 1), (72, 2), (66, 2), (63, 2), (88, 2), (51, 2), (61, 2), (58, 2), (62, 2), (41, 2), (95, 2), (71, 2), (89, 2), (47, 2), (53, 2), (74, 2), (93, 2), (59, 2), (42, 2), (77, 2), (49, 2), 
Generation 29:(16, 1), (6, 1), (5, 1), (8, 1), (0, 1), (19, 1), (20, 1), (3, 1), (17, 1), (12, 1), (1, 1), (10, 1), (23, 1), (9, 1), (15, 1), (7, 1), (25, 1), (13, 1), (22, 1), (24, 1), (58, 2), (49, 2), (79, 2), (76, 2), (91, 2), (54, 2), (97, 2), (86, 2), (96, 2), (48, 2), (80, 2), (77, 2), (52, 2), (89, 2), (51, 2), (81, 2), (98, 2), (84, 2), (94, 2), (87, 2), 
Generation 30:(2, 1), (15, 1), (12, 1), (28, 1), (27, 1), (25, 1), (21, 1), (7, 1), (8, 1), (22, 1), (10, 1), (4, 1), (1, 1), (20, 1), (26, 1), (24, 1), (23, 1), (17, 1), (0, 1), (19, 1), (69, 2), (75, 2), (49, 2), (53, 2), (41, 2), (56, 2), (64, 2), (71, 2), (45, 2), (87, 2), (47, 2), (39, 2), (98, 2), (95, 2), (84, 2), (79, 2), (65, 2), (55, 2), (52, 2), (88, 2), 
Generation 31:(3, 1), (1, 1), (4, 1), (5, 1), (8, 1), (15, 1), (17, 1), (11, 1), (22, 1), (12, 1), (21, 1), (0, 1), (10, 1), (14, 1), (6, 1), (9, 1), (7, 1), (26, 1), (27, 1), (18, 1), (46, 2), (79, 2), (86, 2), (57, 2), (62, 2), (59, 2), (84, 2), (77, 2), (85, 2), (60, 2), (55, 2), (78, 2), (83, 2), (51, 2), (71, 2), (58, 2), (93, 2), (72, 2), (90, 2), (97, 2), 
Generation 32:(29, 1), (0, 1), (8, 1), (11, 1), (16, 1), (28, 1), (20, 1), (25, 1), (15, 1), (3, 1), (2, 1), (17, 1), (19, 1), (7, 1), (21, 1), (24, 1), (1, 1), (12, 1), (5, 1), (10, 1), (71, 2), (43, 2), (80, 2), (60, 2), (65, 2), (95, 2), (87, 2), (69, 2), (72, 2), (85, 2), (62, 2), (83, 2), (67, 2), (40, 2), (68, 2), (78, 2), (75, 2), (96, 2), (77, 2), (73, 2), 
Generation 33:(23, 1), (17, 1), (31, 1), (3, 1), (26, 1), (2, 1), (8, 1), (15, 1), (22, 1), (6, 1), (16, 1), (12, 1), (1, 1), (30, 1), (13, 1), (25, 1), (21, 1), (18, 1), (0, 1), (5, 1), (71, 2), (52, 2), (53, 2), (76, 2), (47, 2), (81, 2), (99, 2), (58, 2), (61, 2), (50, 2), (60, 2), (88, 2), (80, 2), (70, 2), (86, 2), (85, 2), (56, 2), (57, 2), (84, 2), (68, 2), 
Generation 34:(15, 1), (22, 1), (6, 1), (27, 1), (19, 1), (8, 1), (1, 1), (25, 1), (23, 1), (2, 1), (10, 1), (5, 1), (29, 1), (31, 1), (17, 1), (3, 1), (14, 1), (7, 1), (18, 1), (4, 1), (55, 2), (57, 2), (47, 2), (58, 2), (59, 2), (72, 2), (49, 2), (70, 2), (86, 2), (88, 2), (76, 2), (90, 2), (73, 2), (60, 2), (96, 2), (93, 2), (94, 2), (56, 2), (45, 2), (75, 2), 
Generation 35:(11, 1), (24, 1), (17, 1), (12, 1), (19, 1), (7, 1), (6, 1), (18, 1), (28, 1), (25, 1), (27, 1), (2, 1), (13, 1), (3, 1), (8, 1), (23, 1), (14, 1), (20, 1), (22, 1), (21, 1), (87, 2), (72, 2), (43, 2), (60, 2), (81, 2), (70, 2), (99, 2), (75, 2), (97, 2), (77, 2), (55, 2), (82, 2), (85, 2), (57, 2), (68, 2), (78, 2), (90, 2), (86, 2), (59, 2), (61, 2), 
Generation 36:(11, 1), (26, 1), (1, 1), (3, 1), (33, 1), (19, 1), (17, 1), (29, 1), (12, 1), (23, 1), (32, 1), (6, 1), (9, 1), (21, 1), (20, 1), (0, 1), (18, 1), (30, 1), (31, 1), (28, 1), (68, 2), (92, 2), (72, 2), (98, 2), (79, 2), (58, 2), (43, 2), (74, 2), (86, 2), (82, 2), (61, 2), (97, 2), (71, 2), (50, 2), (57, 2), (76, 2), (45, 2), (46, 2), (63, 2), (62, 2), 
Generation 37:(27, 1), (22, 1), (4, 1), (25, 1), (11, 1), (21, 1), (5, 1), (24, 1), (2, 1), (23, 1), (19, 1), (17, 1), (6, 1), (20, 1), (26, 1), (16, 1), (30, 1), (0, 1), (13, 1), (10, 1), (79, 2), (66, 2), (96, 2), (69, 2), (91, 2), (73, 2), (99, 2), (65, 2), (68, 2), (58, 2), (77, 2), (93, 2), (57, 2), (86, 2), (82, 2), (48, 2), (85, 2), (75, 2), (98, 2), (72, 2), 
Generation 38:(14, 1), (20, 1), (13, 1), (31, 1), (27, 1), (32, 1), (23, 1), (5, 1), (34, 1), (29, 1), (11, 1), (33, 1), (2, 1), (8, 1), (24, 1), (4, 1), (6, 1), (16, 1), (26, 1), (22, 1), (83, 2), (55, 2), (50, 2), (54, 2), (84, 2), (62, 2), (60, 2), (66, 2), (77, 2), (69, 2), (87, 2), (93, 2), (98, 2), (78, 2), (73, 2), (64, 2), (47, 2), (79, 2), (46, 2), (72, 2), 
Generation 39:(29, 1), (0, 1), (24, 1), (28, 1), (11, 1), (17, 1), (4, 1), (8, 1), (9, 1), (2, 1), (1, 1), (10, 1), (15, 1), (30, 1), (22, 1), (16, 1), (14, 1), (33, 1), (26, 1), (12, 1), (82, 2), (79, 2), (48, 2), (65, 2), (57, 2), (91, 2), (88, 2), (53, 2), (78, 2), (80, 2), (69, 2), (70, 2), (98, 2), (61, 2), (85, 2), (71, 2), (97, 2), (49, 2), (60, 2), (59, 2), 
Generation 40:(0, 1), (13, 1), (2, 1), (9, 1), (19, 1), (15, 1), (22, 1), (21, 1), (1, 1), (33, 1), (18, 1), (8, 1), (24, 1), (4, 1), (7, 1), (26, 1), (17, 1), (25, 1), (16, 1), (6, 1), (92, 2), (90, 2), (84, 2), (70, 2), (51, 2), (46, 2), (85, 2), (97, 2), (86, 2), (76, 2), (71, 2), (60, 2), (50, 2), (69, 2), (73, 2), (82, 2), (78, 2), (64, 2), (56, 2), (45, 2), 
Generation 41:(22, 1), (31, 1), (4, 1), (5, 1), (2, 1), (19, 1), (8, 1), (14, 1), (15, 1), (3, 1), (29, 1), (13, 1), (26, 1), (27, 1), (20, 1), (1, 1), (21, 1), (12, 1), (23, 1), (6, 1), (51, 2), (72, 2), (60, 2), (47, 2), (96, 2), (77, 2), (67, 2), (65, 2), (84, 2), (53, 2), (54, 2), (46, 2), (79, 2), (59, 2), (91, 2), (66, 2), (63, 2), (75, 2), (74, 2), (48, 2), 
Generation 42:(7, 1), (1, 1), (12, 1), (8, 1), (3, 1), (17, 1), (27, 1), (9, 1), (29, 1), (22, 1), (0, 1), (26, 1), (10, 1), (23, 1), (14, 1), (11, 1), (30, 1), (24, 1), (5, 1), (20, 1), (72, 2), (73, 2), (84, 2), (71, 2), (53, 2), (69, 2), (46, 2), (96, 2), (80, 2), (98, 2), (88, 2), (93, 2), (65, 2), (55, 2), (67, 2), (62, 2), (66, 2), (95, 2), (99, 2), (86, 2), 
Generation 43:(23, 1), (11, 1), (16, 1), (33, 1), (8, 1), (9, 1), (27, 1), (12, 1), (1, 1), (22, 1), (4, 1), (32, 1), (25, 1), (28, 1), (3, 1), (18, 1), (2, 1), (21, 1), (15, 1), (29, 1), (52, 2), (59, 2), (47, 2), (84, 2), (65, 2), (45, 2), (58, 2), (73, 2), (68, 2), (93, 2), (53, 2), (98, 2), (74, 2), (78, 2), (70, 2), (96, 2), (89, 2), (71, 2), (97, 2), (92, 2), 
Generation 44:(19, 1), (21, 1), (17, 1), (6, 1), (9, 1), (13, 1), (15, 1), (28, 1), (2, 1), (29, 1), (27, 1), (20, 1), (22, 1), (26, 1), (25, 1), (0, 1), (30, 1), (3, 1), (4, 1), (32, 1), (65, 2), (48, 2), (60, 2), (72, 2), (70, 2), (61, 2), (87, 2), (49, 2), (89, 2), (74, 2), (98, 2), (59, 2), (58, 2), (83, 2), (77, 2), (53, 2), (92, 2), (52, 2), (90, 2), (55, 2), 
Generation 45:(4, 1), (11, 1), (27, 1), (1, 1), (3, 1), (20, 1), (9, 1), (10, 1), (6, 1), (7, 1), (0, 1), (26, 1), (8, 1), (16, 1), (28, 1), (18, 1), (19, 1), (24, 1), (13, 1), (29, 1), (99, 2), (59, 2), (98, 2), (97, 2), (53, 2), (89, 2), (81, 2), (47, 2), (56, 2), (48, 2), (64, 2), (73, 2), (69, 2), (96, 2), (65, 2), (52, 2), (94, 2), (78, 2), (75, 2), (50, 2), 
Generation 46:(27, 1), (24, 1), (25, 1), (20, 1), (1, 1), (2, 1), (12, 1), (11, 1), (7, 1), (10, 1), (8, 1), (9, 1), (17, 1), (4, 1), (28, 1), (0, 1), (22, 1), (3, 1), (23, 1), (16, 1), (83, 2), (99, 2), (59, 2), (43, 2), (71, 2), (60, 2), (55, 2), (88, 2), (94, 2), (62, 2), (89, 2), (96, 2), (98, 2), (81, 2), (66, 2), (57, 2), (74, 2), (87, 2), (51, 2), (82, 2), 
Generation 47:(7, 1), (15, 1), (3, 1), (8, 1), (29, 1), (12, 1), (0, 1), (6, 1), (27, 1), (9, 1), (4, 1), (17, 1), (26, 1), (22, 1), (2, 1), (28, 1), (11, 1), (25, 1), (30, 1), (24, 1), (90, 2), (85, 2), (63, 2), (78, 2), (64, 2), (54, 2), (51, 2), (59, 2), (69, 2), (53, 2), (62, 2), (79, 2), (87, 2), (52, 2), (56, 2), (45, 2), (81, 2), (98, 2), (84, 2), (61, 2), 
Generation 48:(22, 1), (21, 1), (20, 1), (13, 1), (1, 1), (14, 1), (11, 1), (29, 1), (6, 1), (7, 1), (23, 1), (25, 1), (18, 1), (30, 1), (19, 1), (28, 1), (27, 1), (10, 1), (26, 1), (9, 1), (49, 2), (57, 2), (99, 2), (69, 2), (82, 2), (67, 2), (62, 2), (56, 2), (51, 2), (76, 2), (87, 2), (74, 2), (96, 2), (53, 2), (50, 2), (55, 2), (93, 2), (64, 2), (44, 2), (83, 2), 
Generation 49:(12, 1), (30, 1), (4, 1), (21, 1), (19, 1), (13, 1), (11, 1), (5, 1), (7, 1), (17, 1), (20, 1), (16, 1), (9, 1), (0, 1), (15, 1), (22, 1), (28, 1), (29, 1), (23, 1), (26, 1), (97, 2), (47, 2), (54, 2), (63, 2), (96, 2), (51, 2), (61, 2), (81, 2), (53, 2), (43, 2), (49, 2), (80, 2), (77, 2), (58, 2), (79, 2), (59, 2), (82, 2), (83, 2), (44, 2), (76, 2), 
Generation 50:(3, 1), (18, 1), (22, 1), (4, 1), (19, 1), (17, 1), (5, 1), (12, 1), (11, 1), (6, 1), (26, 1), (13, 1), (27, 1), (28, 1), (16, 1), (9, 1), (8, 1), (15, 1), (21, 1), (7, 1), (71, 2), (63, 2), (85, 2), (93, 2), (94, 2), (44, 2), (58, 2), (49, 2), (76, 2), (59, 2), (80, 2), (47, 2), (45, 2), (54, 2), (86, 2), (89, 2), (62, 2), (81, 2), (69, 2), (73, 2), 
Generation 51:(14, 1), (2, 1), (8, 1), (19, 1), (23, 1), (21, 1), (3, 1), (25, 1), (9, 1), (17, 1), (7, 1), (26, 1), (1, 1), (5, 1), (0, 1), (12, 1), (27, 1), (6, 1), (13, 1), (4, 1), (64, 2), (93, 2), (69, 2), (89, 2), (74, 2), (50, 2), (63, 2), (90, 2), (61, 2), (65, 2), (54, 2), (77, 2), (85, 2), (96, 2), (62, 2), (51, 2), (68, 2), (83, 2), (71, 2), (42, 2), 
Generation 52:(1, 1), (4, 1), (29, 1), (16, 1), (3, 1), (11, 1), (2, 1), (25, 1), (19, 1), (17, 1), (6, 1), (28, 1), (18, 1), (21, 1), (27, 1), (24, 1), (22, 1), (20, 1), (8, 1), (26, 1), (98, 2), (48, 2), (89, 2), (82, 2), (54, 2), (43, 2), (80, 2), (83, 2), (97, 2), (46, 2), (42, 2), (93, 2), (88, 2), (59, 2), (79, 2), (50, 2), (53, 2), (91, 2), (70, 2), (76, 2), 
Generation 53:(3, 1), (12, 1), (25, 1), (0, 1), (19, 1), (8, 1), (21, 1), (27, 1), (5, 1), (16, 1), (4, 1), (15, 1), (17, 1), (18, 1), (23, 1), (10, 1), (1, 1), (20, 1), (7, 1), (14, 1), (53, 2), (79, 2), (73, 2), (88, 2), (47, 2), (64, 2), (84, 2), (99, 2), (66, 2), (45, 2), (89, 2), (74, 2), (54, 2), (43, 2), (46, 2), (70, 2), (48, 2), (71, 2), (55, 2), (56, 2), 
Generation 54:(23, 1), (0, 1), (13, 1), (10, 1), (9, 1), (12, 1), (4, 1), (20, 1), (19, 1), (21, 1), (8, 1), (1, 1), (11, 1), (25, 1), (15, 1), (18, 1), (24, 1), (16, 1), (3, 1), (6, 1), (61, 2), (88, 2), (41, 2), (79, 2), (56, 2), (64, 2), (55, 2), (92, 2), (62, 2), (86, 2), (74, 2), (85, 2), (53, 2), (50, 2), (37, 2), (96, 2), (67, 2), (90, 2), (46, 2), (42, 2), 
Generation 55:(4, 1), (13, 1), (6, 1), (18, 1), (19, 1), (14, 1), (9, 1), (2, 1), (24, 1), (11, 1), (0, 1), (22, 1), (17, 1), (5, 1), (23, 1), (3, 1), (21, 1), (1, 1), (15, 1), (8, 1), (45, 2), (95, 2), (57, 2), (81, 2), (44, 2), (65, 2), (93, 2), (98, 2), (58, 2), (85, 2), (41, 2), (52, 2), (55, 2), (78, 2), (67, 2), (63, 2), (80, 2), (50, 2), (83, 2), (61, 2), 
Generation 56:(15, 1), (4, 1), (10, 1), (23, 1), (5, 1), (3, 1), (1, 1), (17, 1), (24, 1), (7, 1), (25, 1), (14, 1), (0, 1), (11, 1), (18, 1), (16, 1), (8, 1), (22, 1), (19, 1), (20, 1), (84, 2), (76, 2), (68, 2), (88, 2), (40, 2), (37, 2), (46, 2), (89, 2), (86, 2), (51, 2), (63, 2), (98, 2), (52, 2), (36, 2), (91, 2), (96, 2), (75, 2), (95, 2), (61, 2), (81, 2), 
Generation 57:(23, 1), (24, 1), (8, 1), (3, 1), (20, 1), (6, 1), (1, 1), (13, 1), (10, 1), (11, 1), (12, 1), (9, 1), (21, 1), (15, 1), (2, 1), (17, 1), (25, 1), (19, 1), (4, 1), (5, 1), (75, 2), (47, 2), (95, 2), (85, 2), (42, 2), (41, 2), (82, 2), (73, 2), (76, 2), (57, 2), (51, 2), (48, 2), (49, 2), (69, 2), (66, 2), (83, 2), (96, 2), (67, 2), (74, 2), (92, 2), 
Generation 58:(20, 1), (26, 1), (6, 1), (9, 1), (24, 1), (16, 1), (1, 1), (13, 1), (12, 1), (2, 1), (10, 1), (15, 1), (14, 1), (19, 1), (11, 1), (8, 1), (18, 1), (23, 1), (7, 1), (5, 1), (52, 2), (72, 2), (59, 2), (40, 2), (97, 2), (37, 2), (70, 2), (83, 2), (84, 2), (73, 2), (87, 2), (51, 2), (62, 2), (99, 2), (55, 2), (36, 2), (82, 2), (41, 2), (46, 2), (78, 2), 
Generation 59:(18, 1), (9, 1), (22, 1), (7, 1), (5, 1), (19, 1), (17, 1), (13, 1), (6, 1), (3, 1), (23, 1), (4, 1), (16, 1), (14, 1), (11, 1), (1, 1), (21, 1), (10, 1), (0, 1), (15, 1), (90, 2), (95, 2), (39, 2), (66, 2), (96, 2), (58, 2), (51, 2), (50, 2), (44, 2), (72, 2), (82, 2), (74, 2), (76, 2), (43, 2), (79, 2), (37, 2), (65, 2), (86, 2), (98, 2), (49, 2), 
Generation 60:(14, 1), (4, 1), (1, 1), (16, 1), (8, 1), (12, 1), (0, 1), (17, 1), (23, 1), (19, 1), (9, 1), (21, 1), (18, 1), (20, 1), (13, 1), (15, 1), (5, 1), (2, 1), (10, 1), (11, 1), (44, 2), (52, 2), (65, 2), (57, 2), (46, 2), (48, 2), (73, 2), (78, 2), (38, 2), (91, 2), (98, 2), (42, 2), (74, 2), (51, 2), (35, 2), (95, 2), (55, 2), (43, 2), (70, 2), (66, 2), 
Generation 61:(9, 1), (1, 1), (20, 1), (4, 1), (3, 1), (8, 1), (7, 1), (16, 1), (19, 1), (5, 1), (14, 1), (21, 1), (6, 1), (17, 1), (12, 1), (18, 1), (15, 1), (2, 1), (0, 1), (11, 1), (71, 2), (79, 2), (85, 2), (45, 2), (68, 2), (88, 2), (41, 2), (98, 2), (34, 2), (57, 2), (78, 2), (77, 2), (66, 2), (87, 2), (76, 2), (39, 2), (62, 2), (69, 2), (38, 2), (51, 2), 
Generation 62:(18, 1), (16, 1), (22, 1), (1, 1), (3, 1), (17, 1), (12, 1), (10, 1), (4, 1), (14, 1), (0, 1), (11, 1), (19, 1), (8, 1), (9, 1), (20, 1), (15, 1), (21, 1), (13, 1), (2, 1), (75, 2), (32, 2), (66, 2), (60, 2), (64, 2), (99, 2), (71, 2), (84, 2), (41, 2), (80, 2), (83, 2), (51, 2), (76, 2), (73, 2), (46, 2), (49, 2), (85, 2), (45, 2), (82, 2), (88, 2), 
Generation 63:(6, 1), (1, 1), (14, 1), (17, 1), (16, 1), (20, 1), (11, 1), (10, 1), (3, 1), (12, 1), (23, 1), (4, 1), (2, 1), (7, 1), (18, 1), (15, 1), (5, 1), (13, 1), (9, 1), (21, 1), (88, 2), (35, 2), (63, 2), (83, 2), (47, 2), (37, 2), (58, 2), (59, 2), (77, 2), (48, 2), (84, 2), (56, 2), (72, 2), (98, 2), (38, 2), (46, 2), (34, 2), (78, 2), (57, 2), (69, 2), 
Generation 64:(8, 1), (0, 1), (15, 1), (19, 1), (11, 1), (5, 1), (2, 1), (17, 1), (20, 1), (3, 1), (1, 1), (21, 1), (7, 1), (16, 1), (14, 1), (12, 1), (10, 1), (18, 1), (13, 1), (4, 1), (65, 2), (67, 2), (66, 2), (45, 2), (81, 2), (31, 2), (59, 2), (76, 2), (63, 2), (91, 2), (71, 2), (98, 2), (57, 2), (70, 2), (35, 2), (94, 2), (97, 2), (32, 2), (74, 2), (61, 2), 
Generation 65:(0, 1), (4, 1), (18, 1), (7, 1), (15, 1), (13, 1), (11, 1), (9, 1), (6, 1), (2, 1), (8, 1), (5, 1), (14, 1), (17, 1), (20, 1), (16, 1), (10, 1), (1, 1), (21, 1), (19, 1), (68, 2), (49, 2), (52, 2), (99, 2), (47, 2), (61, 2), (91, 2), (88, 2), (87, 2), (33, 2), (69, 2), (65, 2), (32, 2), (92, 2), (51, 2), (39, 2), (72, 2), (34, 2), (78, 2), (44, 2), 
Generation 66:(3, 1), (17, 1), (0, 1), (18, 1), (9, 1), (11, 1), (20, 1), (15, 1), (5, 1), (6, 1), (7, 1), (14, 1), (13, 1), (12, 1), (2, 1), (4, 1), (8, 1), (16, 1), (1, 1), (10, 1), (65, 2), (48, 2), (88, 2), (33, 2), (47, 2), (59, 2), (79, 2), (80, 2), (71, 2), (94, 2), (64, 2), (70, 2), (46, 2), (41, 2), (40, 2), (42, 2), (56, 2), (54, 2), (82, 2), (75, 2), 
Generation 67:(5, 1), (18, 1), (15, 1), (2, 1), (0, 1), (3, 1), (8, 1), (11, 1), (12, 1), (9, 1), (7, 1), (17, 1), (13, 1), (16, 1), (19, 1), (10, 1), (20, 1), (4, 1), (1, 1), (14, 1), (60, 2), (48, 2), (37, 2), (83, 2), (89, 2), (42, 2), (33, 2), (81, 2), (96, 2), (92, 2), (50, 2), (30, 2), (76, 2), (61, 2), (64, 2), (31, 2), (77, 2), (65, 2), (85, 2), (47, 2), 
Generation 68:(3, 1), (9, 1), (12, 1), (7, 1), (6, 1), (11, 1), (13, 1), (16, 1), (14, 1), (10, 1), (4, 1), (0, 1), (5, 1), (18, 1), (15, 1), (19, 1), (2, 1), (8, 1), (17, 1), (1, 1), (32, 2), (62, 2), (94, 2), (60, 2), (95, 2), (58, 2), (97, 2), (67, 2), (55, 2), (53, 2), (29, 2), (71, 2), (80, 2), (44, 2), (65, 2), (76, 2), (87, 2), (59, 2), (83, 2), (54, 2), 
Generation 69:(17, 1), (8, 1), (1, 1), (13, 1), (12, 1), (0, 1), (11, 1), (16, 1), (3, 1), (7, 1), (14, 1), (5, 1), (18, 1), (10, 1), (19, 1), (9, 1), (15, 1), (4, 1), (2, 1), (20, 1), (75, 2), (35, 2), (91, 2), (54, 2), (39, 2), (32, 2), (48, 2), (69, 2), (97, 2), (73, 2), (50, 2), (56, 2), (78, 2), (87, 2), (94, 2), (70, 2), (55, 2), (92, 2), (61, 2), (40, 2), 
Generation 70:(6, 1), (11, 1), (8, 1), (0, 1), (7, 1), (15, 1), (17, 1), (12, 1), (20, 1), (2, 1), (18, 1), (4, 1), (13, 1), (10, 1), (1, 1), (3, 1), (5, 1), (14, 1), (9, 1), (16, 1), (93, 2), (91, 2), (84, 2), (83, 2), (65, 2), (87, 2), (52, 2), (57, 2), (48, 2), (35, 2), (85, 2), (88, 2), (72, 2), (55, 2), (89, 2), (62, 2), (58, 2), (30, 2), (61, 2), (95, 2), 
Generation 71:(14, 1), (18, 1), (1, 1), (0, 1), (13, 1), (15, 1), (5, 1), (11, 1), (12, 1), (6, 1), (2, 1), (19, 1), (8, 1), (17, 1), (20, 1), (16, 1), (9, 1), (3, 1), (21, 1), (7, 1), (69, 2), (97, 2), (62, 2), (60, 2), (36, 2), (70, 2), (83, 2), (53, 2), (84, 2), (47, 2), (81, 2), (39, 2), (45, 2), (93, 2), (87, 2), (49, 2), (65, 2), (91, 2), (56, 2), (51, 2), 
Generation 72:(14, 1), (8, 1), (9, 1), (18, 1), (17, 1), (15, 1), (5, 1), (11, 1), (7, 1), (19, 1), (6, 1), (4, 1), (22, 1), (0, 1), (3, 1), (21, 1), (12, 1), (20, 1), (2, 1), (13, 1), (51, 2), (41, 2), (36, 2), (94, 2), (40, 2), (99, 2), (64, 2), (70, 2), (90, 2), (92, 2), (67, 2), (44, 2), (95, 2), (61, 2), (48, 2), (45, 2), (32, 2), (50, 2), (54, 2), (65, 2), 
Generation 73:(9, 1), (10, 1), (7, 1), (18, 1), (11, 1), (19, 1), (13, 1), (12, 1), (0, 1), (1, 1), (5, 1), (16, 1), (15, 1), (17, 1), (20, 1), (6, 1), (2, 1), (8, 1), (3, 1), (4, 1), (69, 2), (71, 2), (33, 2), (81, 2), (67, 2), (58, 2), (38, 2), (73, 2), (47, 2), (91, 2), (50, 2), (48, 2), (85, 2), (55, 2), (62, 2), (70, 2), (66, 2), (87, 2), (78, 2), (95, 2), 
Generation 74:(7, 1), (8, 1), (2, 1), (17, 1), (18, 1), (21, 1), (20, 1), (1, 1), (9, 1), (22, 1), (15, 1), (13, 1), (4, 1), (10, 1), (3, 1), (19, 1), (16, 1), (14, 1), (5, 1), (11, 1), (41, 2), (40, 2), (65, 2), (80, 2), (71, 2), (66, 2), (31, 2), (57, 2), (49, 2), (51, 2), (64, 2), (98, 2), (94, 2), (62, 2), (89, 2), (36, 2), (83, 2), (85, 2), (48, 2), (90, 2), 
Generation 75:(19, 1), (7, 1), (12, 1), (15, 1), (2, 1), (5, 1), (10, 1), (8, 1), (11, 1), (17, 1), (3, 1), (13, 1), (16, 1), (4, 1), (21, 1), (0, 1), (1, 1), (14, 1), (9, 1), (6, 1), (82, 2), (67, 2), (75, 2), (87, 2), (83, 2), (97, 2), (96, 2), (36, 2), (54, 2), (43, 2), (84, 2), (85, 2), (93, 2), (56, 2), (42, 2), (77, 2), (65, 2), (34, 2), (81, 2), (66, 2), 
Generation 76:(6, 1), (8, 1), (5, 1), (17, 1), (15, 1), (10, 1), (20, 1), (9, 1), (14, 1), (7, 1), (1, 1), (11, 1), (19, 1), (2, 1), (3, 1), (4, 1), (12, 1), (0, 1), (21, 1), (18, 1), (94, 2), (91, 2), (82, 2), (61, 2), (54, 2), (48, 2), (37, 2), (63, 2), (89, 2), (92, 2), (31, 2), (47, 2), (52, 2), (43, 2), (34, 2), (86, 2), (65, 2), (96, 2), (51, 2), (71, 2), 
Generation 77:(3, 1), (2, 1), (7, 1), (5, 1), (11, 1), (1, 1), (19, 1), (13, 1), (20, 1), (6, 1), (10, 1), (9, 1), (15, 1), (16, 1), (14, 1), (17, 1), (18, 1), (4, 1), (0, 1), (8, 1), (47, 2), (95, 2), (54, 2), (85, 2), (36, 2), (59, 2), (55, 2), (63, 2), (50, 2), (97, 2), (84, 2), (44, 2), (46, 2), (78, 2), (57, 2), (80, 2), (35, 2), (33, 2), (81, 2), (91, 2), 
Generation 78:(16, 1), (6, 1), (4, 1), (19, 1), (8, 1), (2, 1), (1, 1), (11, 1), (17, 1), (0, 1), (7, 1), (14, 1), (10, 1), (9, 1), (18, 1), (3, 1), (15, 1), (13, 1), (12, 1), (5, 1), (92, 2), (81, 2), (97, 2), (50, 2), (47, 2), (90, 2), (62, 2), (64, 2), (43, 2), (60, 2), (82, 2), (72, 2), (68, 2), (52, 2), (44, 2), (93, 2), (98, 2), (69, 2), (30, 2), (48, 2), 
Generation 79:(1, 1), (11, 1), (5, 1), (7, 1), (4, 1), (18, 1), (6, 1), (10, 1), (12, 1), (9, 1), (14, 1), (3, 1), (2, 1), (19, 1), (8, 1), (0, 1), (17, 1), (13, 1), (15, 1), (20, 1), (58, 2), (82, 2), (65, 2), (87, 2), (90, 2), (79, 2), (44, 2), (41, 2), (33, 2), (63, 2), (55, 2), (77, 2), (69, 2), (30, 2), (84, 2), (95, 2), (89, 2), (85, 2), (64, 2), (54, 2), 
Generation 80:(17, 1), (16, 1), (1, 1), (13, 1), (21, 1), (11, 1), (18, 1), (7, 1), (14, 1), (20, 1), (3, 1), (12, 1), (0, 1), (6, 1), (10, 1), (15, 1), (19, 1), (8, 1), (4, 1), (2, 1), (62, 2), (72, 2), (93, 2), (43, 2), (88, 2), (68, 2), (60, 2), (95, 2), (31, 2), (57, 2), (94, 2), (30, 2), (78, 2), (35, 2), (41, 2), (98, 2), (39, 2), (52, 2), (53, 2), (84, 2), 
Generation 81:(14, 1), (18, 1), (8, 1), (5, 1), (12, 1), (2, 1), (10, 1), (17, 1), (4, 1), (16, 1), (19, 1), (3, 1), (15, 1), (0, 1), (11, 1), (1, 1), (13, 1), (7, 1), (9, 1), (6, 1), (72, 2), (86, 2), (66, 2), (90, 2), (52, 2), (42, 2), (53, 2), (74, 2), (95, 2), (76, 2), (55, 2), (44, 2), (31, 2), (51, 2), (96, 2), (33, 2), (41, 2), (64, 2), (43, 2), (85, 2), 
Generation 82:(6, 1), (8, 1), (12, 1), (14, 1), (17, 1), (10, 1), (7, 1), (1, 1), (0, 1), (5, 1), (2, 1), (16, 1), (15, 1), (18, 1), (4, 1), (9, 1), (11, 1), (3, 1), (13, 1), (39, 2), (97, 2), (61, 2), (94, 2), (73, 2), (87, 2), (48, 2), (67, 2), (35, 2), (72, 2), (57, 2), (74, 2), (90, 2), (99, 2), (30, 2), (59, 2), (71, 2), (36, 2), (50, 2), 
Generation 83:(16, 1), (10, 1), (15, 1), (3, 1), (9, 1), (18, 1), (4, 1), (7, 1), (5, 1), (2, 1), (6, 1), (8, 1), (0, 1), (14, 1), (12, 1), (13, 1), (1, 1), (17, 1), (11, 1), (76, 2), (45, 2), (57, 2), (70, 2), (55, 2), (41, 2), (66, 2), (61, 2), (73, 2), (79, 2), (98, 2), (31, 2), (91, 2), (81, 2), (67, 2), (93, 2), (92, 2), (47, 2), (56, 2), 
Generation 84:(9, 1), (16, 1), (1, 1), (12, 1), (2, 1), (0, 1), (6, 1), (11, 1), (8, 1), (19, 1), (4, 1), (5, 1), (13, 1), (15, 1), (18, 1), (20, 1), (3, 1), (7, 1), (10, 1), (14, 1), (94, 2), (49, 2), (66, 2), (98, 2), (81, 2), (37, 2), (84, 2), (78, 2), (90, 2), (51, 2), (34, 2), (28, 2), (36, 2), (67, 2), (85, 2), (41, 2), (54, 2), (55, 2), (91, 2), (99, 2), 
Generation 85:(12, 1), (16, 1), (2, 1), (3, 1), (18, 1), (4, 1), (6, 1), (14, 1), (5, 1), (11, 1), (0, 1), (15, 1), (13, 1), (1, 1), (17, 1), (8, 1), (10, 1), (9, 1), (7, 1), (39, 2), (85, 2), (65, 2), (44, 2), (97, 2), (73, 2), (69, 2), (36, 2), (95, 2), (40, 2), (31, 2), (56, 2), (84, 2), (80, 2), (35, 2), (47, 2), (79, 2), (64, 2), (99, 2), 
Generation 86:(7, 1), (18, 1), (10, 1), (11, 1), (16, 1), (13, 1), (17, 1), (14, 1), (12, 1), (0, 1), (15, 1), (4, 1), (9, 1), (5, 1), (3, 1), (6, 1), (8, 1), (1, 1), (2, 1), (84, 2), (99, 2), (40, 2), (35, 2), (45, 2), (95, 2), (64, 2), (60, 2), (70, 2), (61, 2), (59, 2), (94, 2), (77, 2), (85, 2), (65, 2), (58, 2), (55, 2), (27, 2), (97, 2), 
Generation 87:(12, 1), (6, 1), (1, 1), (0, 1), (10, 1), (16, 1), (4, 1), (14, 1), (18, 1), (15, 1), (17, 1), (3, 1), (7, 1), (11, 1), (8, 1), (19, 1), (9, 1), (2, 1), (5, 1), (13, 1), (90, 2), (86, 2), (72, 2), (92, 2), (37, 2), (84, 2), (53, 2), (67, 2), (95, 2), (71, 2), (41, 2), (40, 2), (54, 2), (27, 2), (56, 2), (59, 2), (88, 2), (60, 2), (33, 2), (77, 2), 
Generation 88:(11, 1), (2, 1), (4, 1), (6, 1), (12, 1), (13, 1), (0, 1), (9, 1), (15, 1), (5, 1), (10, 1), (8, 1), (3, 1), (19, 1), (18, 1), (7, 1), (16, 1), (1, 1), (14, 1), (17, 1), (63, 2), (32, 2), (96, 2), (85, 2), (54, 2), (88, 2), (36, 2), (64, 2), (92, 2), (56, 2), (93, 2), (68, 2), (37, 2), (91, 2), (72, 2), (75, 2), (43, 2), (94, 2), (40, 2), (49, 2), 
Generation 89:(11, 1), (4, 1), (13, 1), (3, 1), (17, 1), (12, 1), (2, 1), (6, 1), (8, 1), (10, 1), (0, 1), (14, 1), (18, 1), (7, 1), (1, 1), (16, 1), (19, 1), (5, 1), (15, 1), (9, 1), (61, 2), (66, 2), (39, 2), (64, 2), (29, 2), (71, 2), (78, 2), (46, 2), (98, 2), (90, 2), (31, 2), (58, 2), (73, 2), (53, 2), (35, 2), (33, 2), (54, 2), (74, 2), (87, 2), (99, 2), 
Generation 90:(13, 1), (8, 1), (1, 1), (18, 1), (0, 1), (9, 1), (16, 1), (10, 1), (3, 1), (4, 1), (17, 1), (7, 1), (15, 1), (2, 1), (11, 1), (14, 1), (12, 1), (5, 1), (6, 1), (88, 2), (54, 2), (60, 2), (96, 2), (38, 2), (30, 2), (90, 2), (44, 2), (70, 2), (80, 2), (83, 2), (53, 2), (79, 2), (59, 2), (76, 2), (50, 2), (45, 2), (67, 2), (73, 2), 
Generation 91:(19, 1), (10, 1), (9, 1), (2, 1), (5, 1), (4, 1), (11, 1), (15, 1), (16, 1), (8, 1), (6, 1), (14, 1), (7, 1), (12, 1), (1, 1), (3, 1), (13, 1), (17, 1), (0, 1), (18, 1), (55, 2), (69, 2), (37, 2), (63, 2), (44, 2), (34, 2), (51, 2), (66, 2), (30, 2), (36, 2), (50, 2), (48, 2), (42, 2), (84, 2), (53, 2), (86, 2), (94, 2), (68, 2), (98, 2), (43, 2), 
Generation 92:(10, 1), (5, 1), (7, 1), (14, 1), (1, 1), (4, 1), (17, 1), (6, 1), (15, 1), (12, 1), (2, 1), (16, 1), (9, 1), (0, 1), (11, 1), (8, 1), (3, 1), (13, 1), (80, 2), (63, 2), (38, 2), (85, 2), (93, 2), (48, 2), (34, 2), (66, 2), (61, 2), (44, 2), (55, 2), (53, 2), (62, 2), (73, 2), (78, 2), (42, 2), (82, 2), (90, 2), 
Generation 93:(14, 1), (0, 1), (9, 1), (13, 1), (18, 1), (8, 1), (11, 1), (12, 1), (1, 1), (19, 1), (6, 1), (10, 1), (15, 1), (17, 1), (5, 1), (3, 1), (7, 1), (2, 1), (4, 1), (16, 1), (79, 2), (80, 2), (62, 2), (34, 2), (40, 2), (54, 2), (95, 2), (45, 2), (71, 2), (76, 2), (60, 2), (36, 2), (55, 2), (56, 2), (85, 2), (37, 2), (49, 2), (44, 2), (96, 2), (99, 2), 
Generation 94:(12, 1), (1, 1), (8, 1), (13, 1), (7, 1), (15, 1), (9, 1), (14, 1), (18, 1), (17, 1), (4, 1), (11, 1), (10, 1), (3, 1), (16, 1), (5, 1), (0, 1), (2, 1), (6, 1), (37, 2), (65, 2), (62, 2), (34, 2), (78, 2), (77, 2), (97, 2), (29, 2), (61, 2), (81, 2), (49, 2), (40, 2), (68, 2), (80, 2), (91, 2), (53, 2), (88, 2), (99, 2), (92, 2), 
Generation 95:(11, 1), (4, 1), (9, 1), (13, 1), (19, 1), (7, 1), (10, 1), (15, 1), (16, 1), (0, 1), (12, 1), (6, 1), (8, 1), (5, 1), (14, 1), (1, 1), (18, 1), (2, 1), (17, 1), (3, 1), (70, 2), (96, 2), (57, 2), (60, 2), (63, 2), (56, 2), (45, 2), (79, 2), (52, 2), (54, 2), (46, 2), (30, 2), (29, 2), (28, 2), (80, 2), (42, 2), (89, 2), (51, 2), (53, 2), (47, 2), 
Generation 96:(10, 1), (0, 1), (1, 1), (16, 1), (9, 1), (11, 1), (17, 1), (2, 1), (7, 1), (3, 1), (8, 1), (4, 1), (5, 1), (6, 1), (15, 1), (12, 1), (18, 1), (14, 1), (13, 1), (83, 2), (92, 2), (65, 2), (63, 2), (97, 2), (85, 2), (46, 2), (88, 2), (82, 2), (60, 2), (37, 2), (98, 2), (49, 2), (54, 2), (45, 2), (57, 2), (48, 2), (47, 2), (89, 2), 
Generation 97:(1, 1), (2, 1), (0, 1), (7, 1), (15, 1), (19, 1), (14, 1), (9, 1), (4, 1), (5, 1), (17, 1), (6, 1), (13, 1), (12, 1), (16, 1), (8, 1), (3, 1), (18, 1), (10, 1), (11, 1), (87, 2), (62, 2), (98, 2), (48, 2), (94, 2), (57, 2), (73, 2), (49, 2), (28, 2), (85, 2), (36, 2), (86, 2), (71, 2), (72, 2), (78, 2), (42, 2), (56, 2), (44, 2), (88, 2), (38, 2), 
Generation 98:(4, 1), (5, 1), (12, 1), (19, 1), (0, 1), (18, 1), (17, 1), (8, 1), (15, 1), (9, 1), (13, 1), (2, 1), (11, 1), (10, 1), (1, 1), (14, 1), (6, 1), (7, 1), (16, 1), (3, 1), (39, 2), (97, 2), (66, 2), (36, 2), (75, 2), (28, 2), (84, 2), (50, 2), (52, 2), (83, 2), (57, 2), (71, 2), (77, 2), (64, 2), (32, 2), (30, 2), (61, 2), (41, 2), (68, 2), (85, 2), 
Generation 99:(9, 1), (12, 1), (13, 1), (3, 1), (16, 1), (14, 1), (10, 1), (8, 1), (4, 1), (11, 1), (0, 1), (18, 1), (5, 1), (15, 1), (2, 1), (6, 1), (1, 1), (17, 1), (7, 1), (98, 2), (55, 2), (92, 2), (35, 2), (57, 2), (90, 2), (65, 2), (76, 2), (61, 2), (73, 2), (72, 2), (88, 2), (29, 2), (46, 2), (50, 2), (59, 2), (66, 2), (44, 2), (47, 2), 
Generation 100:(4, 1), (19, 1), (17, 1), (2, 1), (1, 1), (0, 1), (7, 1), (3, 1), (12, 1), (10, 1), (6, 1), (13, 1), (11, 1), (8, 1), (9, 1), (14, 1), (16, 1), (18, 1), (5, 1), (15, 1), (60, 2), (92, 2), (94, 2), (51, 2), (34, 2), (52, 2), (97, 2), (47, 2), (83, 2), (36, 2), (43, 2), (39, 2), (61, 2), (55, 2), (50, 2), (57, 2), (96, 2), (95, 2), (91, 2), (79, 2), 
Generation 101: