Generation 0:
Generation 1:(74, 2), (53, 2), (26, 1), (5, 1), (45, 1), (11, 1), (2, 1), (18, 1), (41, 1), (81, 2), (98, 2), (55, 2), (29, 1), (57, 2), (83, 2), (44, 1), (54, 2), (51, 2), (16, 1), (72, 2), (28, 1), (79, 2), (86, 2), (22, 1), (47, 1), (94, 2), (69, 2), (23, 1), (19, 1), (58, 2), (73, 2), (10, 1), (8, 1), (87, 2), (31, 1), (89, 2), (96, 2), (33, 1), (25, 1), (59, 2), 
Generation 2:(61, 2), (95, 2), (69, 2), (92, 2), (41, 1), (17, 1), (44, 1), (70, 2), (47, 1), (71, 2), (81, 2), (67, 2), (32, 1), (28, 1), (88, 2), (73, 2), (5, 1), (9, 1), (26, 1), (2, 1), (42, 1), (11, 1), (36, 1), (33, 1), (15, 1), (25, 1), (8, 1), (39, 1), (30, 1), (35, 1), (45, 1), (3, 1), (52, 2), (74, 2), (68, 2), (21, 1), (64, 2), (83, 2), (82, 2), (99, 2), 
Generation 3:(1, 1), (31, 1), (75, 2), (81, 2), (95, 2), (56, 2), (70, 2), (66, 2), (59, 2), (62, 2), (58, 2), (21, 1), (16, 1), (96, 2), (18, 1), (41, 1), (52, 2), (79, 2), (99, 2), (67, 2), (74, 2), (20, 1), (97, 2), (15, 1), (9, 1), (7, 1), (60, 2), (12, 1), (90, 2), (82, 2), (30, 1), (93, 2), (83, 2), (69, 2), (61, 2), (10, 1), (57, 2), (77, 2), (47, 1), (39, 1), 
Generation 4:(92, 2), (16, 1), (77, 2), (42, 1), (62, 2), (54, 2), (36, 1), (9, 1), (34, 1), (5, 1), (41, 1), (85, 2), (58, 2), (78, 2), (57, 2), (32, 1), (61, 2), (90, 2), (10, 1), (66, 2), (4, 1), (24, 1), (72, 2), (20, 1), (71, 2), (35, 1), (67, 2), (47, 1), (88, 2), (23, 1), (26, 1), (14, 1), (81, 2), (2, 1), (11, 1), (21, 1), (60, 2), (79, 2), (27, 1), (70, 2), 
Generation 5:(8, 1), (44, 1), (63, 2), (84, 2), (13, 1), (56, 2), (69, 2), (15, 1), (20, 1), (17, 1), (32, 1), (68, 2), (62, 2), (80, 2), (98, 2), (64, 2), (74, 2), (66, 2), (90, 2), (86, 2), (97, 2), (78, 2), (11, 1), (16, 1), (5, 1), (87, 2), (55, 2), (3, 1), (81, 2), (30, 1), (0, 1), (9, 1), (25, 1), (67, 2), (93, 2), (2, 1), (14, 1), (48, 1), (39, 1), (77, 2), 
Generation 6:(88, 2), (98, 2), (71, 2), (24, 1), (78, 2), (35, 1), (31, 1), (14, 1), (97, 2), (6, 1), (93, 2), (65, 2), (73, 2), (47, 1), (95, 2), (85, 2), (46, 1), (56, 2), (15, 1), (60, 2), (16, 1), (44, 1), (38, 1), (66, 2), (81, 2), (77, 2), (36, 1), (75, 2), (34, 1), (54, 2), (42, 1), (94, 2), (22, 1), (18, 1), (76, 2), (49, 1), (0, 1), (89, 2), (72, 2), (39, 1), 
Generation 7:(79, 2), (59, 2), (65, 2), (0, 1), (23, 1), (96, 2), (21, 1), (93, 2), (49, 1), (62, 2), (56, 2), (3, 1), (8, 1), (58, 2), (90, 2), (45, 1), (99, 2), (19, 1), (73, 2), (77, 2), (82, 2), (70, 2), (33, 1), (29, 1), (13, 1), (78, 2), (17, 1), (63, 2), (38, 1), (11, 1), (12, 1), (68, 2), (89, 2), (41, 1), (35, 1), (83, 2), (14, 1), (2, 1), (50, 1), (60, 2), 
Generation 8:(22, 1), (72, 2), (63, 2), (14, 1), (61, 2), (74, 2), (56, 2), (35, 1), (42, 1), (81, 2), (89, 2), (94, 2), (36, 1), (12, 1), (73, 2), (58, 2), (28, 1), (0, 1), (23, 1), (16, 1), (85, 2), (46, 1), (24, 1), (68, 2), (86, 2), (18, 1), (25, 1), (66, 2), (34, 1), (29, 1), (99, 2), (90, 2), (6, 1), (71, 2), (40, 1), (65, 2), (64, 2), (39, 1), (70, 2), (50, 1), 
Generation 9:(3, 1), (35, 1), (67, 2), (86, 2), (31, 1), (5, 1), (65, 2), (77, 2), (87, 2), (64, 2), (10, 1), (94, 2), (4, 1), (61, 2), (71, 2), (47, 1), (25, 1), (99, 2), (7, 1), (60, 2), (58, 2), (17, 1), (14, 1), (59, 2), (15, 1), (44, 1), (68, 2), (81, 2), (49, 1), (24, 1), (62, 2), (20, 1), (21, 1), (78, 2), (2, 1), (1, 1), (18, 1), (26, 1), (6, 1), (74, 2), 
Generation 10:(44, 1), (72, 2), (30, 1), (91, 2), (43, 1), (94, 2), (70, 2), (96, 2), (33, 1), (69, 2), (79, 2), (19, 1), (32, 1), (46, 1), (27, 1), (66, 2), (28, 1), (17, 1), (60, 2), (40, 1), (58, 2), (5, 1), (34, 1), (2, 1), (3, 1), (86, 2), (12, 1), (20, 1), (13, 1), (97, 2), (1, 1), (23, 1), (15, 1), (78, 2), (71, 2), (41, 1), (80, 2), (49, 1), (83, 2), (63, 2), 
Generation 11:(44, 1), (9, 1), (66, 2), (24, 1), (10, 1), (16, 1), (76, 2), (83, 2), (27, 1), (6, 1), (92, 2), (87, 2), (48, 1), (61, 2), (74, 2), (32, 1), (47, 1), (29, 1), (49, 1), (50, 1), (85, 2), (86, 2), (11, 1), (67, 2), (64, 2), (81, 2), (18, 1), (14, 1), (38, 1), (90, 2), (94, 2), (42, 1), (26, 1), (72, 2), (30, 1), (3, 1), (99, 2), (88, 2), (97, 2), (77, 2), 
Generation 12:(38, 1), (2, 1), (70, 2), (16, 1), (17, 1), (30, 1), (83, 2), (23, 1), (24, 1), (48, 1), (41, 1), (85, 2), (22, 1), (67, 2), (60, 2), (39, 1), (32, 1), (21, 1), (18, 1), (59, 2), (93, 2), (92, 2), (76, 2), (10, 1), (25, 1), (47, 1), (88, 2), (69, 2), (26, 1), (94, 2), (35, 1), (0, 1), (79, 2), (71, 2), (98, 2), (45, 1), (19, 1), (3, 1), (40, 1), (86, 2), 
Generation 13:(96, 2), (26, 1), (97, 2), (49, 1), (94, 2), (6, 1), (73, 2), (62, 2), (84, 2), (63, 2), (45, 1), (28, 1), (80, 2), (25, 1), (50, 1), (83, 2), (41, 1), (61, 2), (43, 1), (81, 2), (68, 2), (2, 1), (72, 2), (32, 1), (69, 2), (27, 1), (99, 2), (23, 1), (74, 2), (39, 1), (64, 2), (22, 1), (33, 1), (46, 1), (10, 1), (77, 2), (31, 1), (66, 2), (0, 1), (70, 2), 
Generation 14:(5, 1), (11, 1), (24, 1), (62, 2), (97, 2), (3, 1), (25, 1), (17, 1), (82, 2), (48, 1), (15, 1), (31, 1), (27, 1), (23, 1), (12, 1), (28, 1), (65, 2), (30, 1), (41, 1), (73, 2), (1, 1), (32, 1), (74, 2), (49, 1), (79, 2), (71, 2), (40, 1), (72, 2), (20, 1), (91, 2), (89, 2), (45, 1), (52, 1), (18, 1), (60, 2), (68, 2), (2, 1), (35, 1), (29, 1), (7, 1), 
Generation 15:(50, 1), (73, 2), (66, 2), (63, 2), (14, 1), (1, 1), (40, 1), (47, 1), (51, 1), (7, 1), (27, 1), (62, 2), (9, 1), (22, 1), (95, 2), (32, 1), (19, 1), (37, 1), (8, 1), (93, 2), (88, 2), (84, 2), (92, 2), (74, 2), (90, 2), (59, 2), (86, 2), (36, 1), (91, 2), (78, 2), (21, 1), (99, 2), (31, 1), (33, 1), (76, 2), (26, 1), (52, 1), (6, 1), (94, 2), (30, 1), 
Generation 16:(17, 1), (79, 2), (24, 1), (11, 1), (99, 2), (7, 1), (41, 1), (92, 2), (20, 1), (80, 2), (71, 2), (49, 1), (58, 2), (86, 2), (46, 1), (84, 2), (63, 2), (88, 2), (60, 2), (27, 1), (70, 2), (14, 1), (50, 1), (51, 1), (69, 2), (10, 1), (52, 1), (25, 1), (96, 2), (23, 1), (90, 2), (72, 2), (85, 2), (94, 2), (29, 1), (2, 1), (40, 1), (74, 2), (42, 1), (81, 2), 
Generation 17:(90, 2), (24, 1), (58, 2), (29, 1), (82, 2), (42, 1), (67, 2), (20, 1), (62, 2), (57, 2), (8, 1), (10, 1), (79, 2), (95, 2), (78, 2), (99, 2), (34, 1), (6, 1), (36, 1), (80, 2), (44, 1), (3, 1), (76, 2), (13, 1), (91, 2), (94, 2), (97, 2), (46, 1), (65, 2), (50, 1), (87, 2), (68, 2), (31, 1), (69, 2), (28, 1), (26, 1), (64, 2), (19, 1), (33, 1), (59, 2), 
Generation 18:(62, 2), (40, 1), (35, 1), (96, 2), (20, 1), (84, 2), (94, 2), (57, 2), (77, 2), (81, 2), (87, 2), (61, 2), (64, 2), (30, 1), (29, 1), (68, 2), (4, 1), (89, 2), (5, 1), (10, 1), (41, 1), (45, 1), (16, 1), (66, 2), (1, 1), (15, 1), (82, 2), (7, 1), (42, 1), (85, 2), (39, 1), (99, 2), (71, 2), (97, 2), (63, 2), (60, 2), (27, 1), (23, 1), (6, 1), (21, 1), 
Generation 19:(79, 2), (29, 1), (44, 1), (90, 2), (88, 2), (85, 2), (87, 2), (57, 2), (38, 1), (77, 2), (67, 2), (39, 1), (9, 1), (10, 1), (8, 1), (19, 1), (72, 2), (2, 1), (86, 2), (82, 2), (94, 2), (80, 2), (92, 2), (89, 2), (18, 1), (37, 1), (62, 2), (46, 1), (69, 2), (7, 1), (33, 1), (17, 1), (4, 1), (31, 1), (11, 1), (12, 1), (42, 1), (98, 2), (59, 2), (70, 2), 
Generation 20:(55, 2), (65, 2), (47, 1), (5, 1), (15, 1), (33, 1), (87, 2), (39, 1), (32, 1), (35, 1), (46, 1), (11, 1), (21, 1), (59, 2), (38, 1), (45, 1), (19, 1), (3, 1), (24, 1), (96, 2), (97, 2), (12, 1), (92, 2), (30, 1), (41, 1), (36, 1), (86, 2), (48, 1), (34, 1), (14, 1), (76, 2), (6, 1), (91, 2), (16, 1), (56, 2), (28, 1), (37, 1), (83, 2), (68, 2), (79, 2), 
Generation 21:(8, 1), (29, 1), (65, 2), (54, 2), (71, 2), (42, 1), (41, 1), (88, 2), (39, 1), (35, 1), (98, 2), (5, 1), (93, 2), (67, 2), (77, 2), (57, 2), (97, 2), (82, 2), (21, 1), (59, 2), (56, 2), (12, 1), (81, 2), (89, 2), (9, 1), (13, 1), (26, 1), (78, 2), (32, 1), (25, 1), (84, 2), (55, 2), (76, 2), (4, 1), (3, 1), (66, 2), (91, 2), (99, 2), (58, 2), (90, 2), 
Generation 22:(11, 1), (5, 1), (98, 2), (94, 2), (27, 1), (89, 2), (83, 2), (58, 2), (20, 1), (17, 1), (42, 1), (78, 2), (67, 2), (22, 1), (93, 2), (29, 1), (75, 2), (16, 1), (62, 2), (44, 1), (15, 1), (10, 1), (34, 1), (96, 2), (28, 1), (72, 2), (82, 2), (97, 2), (55, 2), (71, 2), (12, 1), (32, 1), (14, 1), (64, 2), (79, 2), (88, 2), (24, 1), (13, 1), (7, 1), (1, 1), 
Generation 23:(69, 2), (91, 2), (67, 2), (22, 1), (54, 2), (43, 1), (59, 2), (76, 2), (44, 1), (17, 1), (83, 2), (23, 1), (42, 1), (96, 2), (40, 1), (45, 1), (97, 2), (13, 1), (30, 1), (11, 1), (81, 2), (70, 2), (95, 2), (56, 2), (58, 2), (12, 1), (3, 1), (98, 2), (82, 2), (87, 2), (31, 1), (55, 2), (20, 1), (27, 1), (10, 1), (1, 1), (86, 2), (38, 1), (79, 2), (34, 1), 
Generation 24:(25, 1), (90, 2), (21, 1), (73, 2), (46, 1), (88, 2), (86, 2), (38, 1), (98, 2), (1, 1), (19, 1), (74, 2), (36, 1), (4, 1), (87, 2), (77, 2), (13, 1), (0, 1), (66, 2), (80, 2), (32, 1), (70, 2), (72, 2), (57, 2), (67, 2), (89, 2), (10, 1), (28, 1), (43, 1), (44, 1), (45, 1), (33, 1), (58, 2), (53, 2), (30, 1), (81, 2), (83, 2), (55, 2), (61, 2), (29, 1), 
Generation 25:(61, 2), (96, 2), (33, 1), (23, 1), (76, 2), (83, 2), (2, 1), (72, 2), (47, 1), (8, 1), (41, 1), (42, 1), (64, 2), (5, 1), (57, 2), (55, 2), (30, 1), (45, 1), (40, 1), (28, 1), (78, 2), (88, 2), (13, 1), (0, 1), (59, 2), (75, 2), (60, 2), (53, 2), (91, 2), (12, 1), (46, 1), (7, 1), (29, 1), (71, 2), (63, 2), (86, 2), (62, 2), (26, 1), (6, 1), (14, 1), 
Generation 26:(55, 2), (86, 2), (30, 1), (68, 2), (66, 2), (64, 2), (23, 1), (46, 1), (18, 1), (24, 1), (91, 2), (9, 1), (83, 2), (60, 2), (6, 1), (21, 1), (17, 1), (12, 1), (78, 2), (33, 1), (48, 1), (97, 2), (36, 1), (92, 2), (22, 1), (58, 2), (2, 1), (41, 1), (20, 1), (77, 2), (11, 1), (70, 2), (0, 1), (62, 2), (47, 1), (35, 1), (89, 2), (39, 1), (42, 1), (13, 1), 
Generation 27:(80, 2), (5, 1), (75, 2), (63, 2), (91, 2), (64, 2), (83, 2), (26, 1), (86, 2), (74, 2), (99, 2), (65, 2), (92, 2), (68, 2), (11, 1), (0, 1), (20, 1), (21, 1), (88, 2), (79, 2), (34, 1), (98, 2), (7, 1), (46, 1), (77, 2), (59, 2), (60, 2), (82, 2), (93, 2), (24, 1), (66, 2), (39, 1), (44, 1), (49, 1), (85, 2), (18, 1), (29, 1), (14, 1), (23, 1), (70, 2), 
Generation 28:(97, 2), (75, 2), (9, 1), (31, 1), (34, 1), (44, 1), (39, 1), (91, 2), (49, 1), (82, 2), (77, 2), (74, 2), (21, 1), (69, 2), (68, 2), (98, 2), (60, 2), (61, 2), (95, 2), (22, 1), (88, 2), (45, 1), (10, 1), (1, 1), (47, 1), (40, 1), (33, 1), (81, 2), (4, 1), (20, 1), (27, 1), (58, 2), (64, 2), (15, 1), (5, 1), (30, 1), (71, 2), (38, 1), (73, 2), (83, 2), 
Generation 29:(2, 1), (17, 1), (63, 2), (59, 2), (87, 2), (40, 1), (60, 2), (66, 2), (24, 1), (82, 2), (42, 1), (18, 1), (58, 2), (67, 2), (88, 2), (80, 2), (47, 1), (71, 2), (10, 1), (76, 2), (85, 2), (15, 1), (94, 2), (81, 2), (16, 1), (0, 1), (49, 1), (6, 1), (8, 1), (89, 2), (37, 1), (4, 1), (23, 1), (22, 1), (98, 2), (1, 1), (84, 2), (7, 1), (9, 1), (77, 2), 
Generation 30:(11, 1), (75, 2), (34, 1), (88, 2), (79, 2), (8, 1), (13, 1), (31, 1), (83, 2), (3, 1), (76, 2), (69, 2), (37, 1), (14, 1), (74, 2), (21, 1), (23, 1), (44, 1), (99, 2), (25, 1), (32, 1), (71, 2), (77, 2), (36, 1), (58, 2), (45, 1), (89, 2), (24, 1), (10, 1), (9, 1), (22, 1), (29, 1), (68, 2), (28, 1), (16, 1), (80, 2), (1, 1), (26, 1), (70, 2), (48, 1), 
Generation 31:(59, 2), (90, 2), (74, 2), (14, 1), (72, 2), (18, 1), (4, 1), (75, 2), (86, 2), (83, 2), (31, 1), (79, 2), (13, 1), (30, 1), (68, 2), (49, 1), (89, 2), (17, 1), (23, 1), (65, 2), (38, 1), (66, 2), (63, 2), (26, 1), (34, 1), (50, 1), (62, 2), (71, 2), (9, 1), (95, 2), (94, 2), (11, 1), (19, 1), (60, 2), (39, 1), (43, 1), (57, 2), (45, 1), (96, 2), (32, 1), 
Generation 32:(76, 2), (26, 1), (3, 1), (71, 2), (97, 2), (5, 1), (35, 1), (30, 1), (81, 2), (42, 1), (98, 2), (88, 2), (59, 2), (58, 2), (60, 2), (57, 2), (33, 1), (64, 2), (46, 1), (93, 2), (66, 2), (67, 2), (38, 1), (37, 1), (24, 1), (90, 2), (45, 1), (51, 1), (2, 1), (40, 1), (86, 2), (27, 1), (25, 1), (73, 2), (92, 2), (41, 1), (75, 2), (49, 1), (15, 1), (20, 1), 
Generation 33:(90, 2), (75, 2), (78, 2), (59, 2), (36, 1), (42, 1), (77, 2), (3, 1), (74, 2), (13, 1), (98, 2), (15, 1), (51, 1), (63, 2), (92, 2), (37, 1), (10, 1), (57, 2), (8, 1), (84, 2), (62, 2), (69, 2), (2, 1), (35, 1), (56, 2), (21, 1), (66, 2), (0, 1), (17, 1), (46, 1), (25, 1), (41, 1), (64, 2), (1, 1), (26, 1), (16, 1), (45, 1), (96, 2), (5, 1), (68, 2), 
Generation 34:(66, 2), (65, 2), (76, 2), (5, 1), (41, 1), (25, 1), (31, 1), (39, 1), (60, 2), (48, 1), (9, 1), (7, 1), (59, 2), (47, 1), (6, 1), (21, 1), (18, 1), (58, 2), (34, 1), (43, 1), (4, 1), (77, 2), (49, 1), (84, 2), (82, 2), (80, 2), (16, 1), (46, 1), (40, 1), (61, 2), (28, 1), (12, 1), (78, 2), (36, 1), (30, 1), (70, 2), (93, 2), (62, 2), (33, 1), (95, 2), 
Generation 35:(84, 2), (20, 1), (60, 2), (17, 1), (21, 1), (75, 2), (82, 2), (64, 2), (38, 1), (59, 2), (57, 2), (19, 1), (33, 1), (47, 1), (25, 1), (79, 2), (44, 1), (74, 2), (46, 1), (98, 2), (15, 1), (71, 2), (37, 1), (14, 1), (78, 2), (27, 1), (93, 2), (87, 2), (11, 1), (81, 2), (4, 1), (22, 1), (18, 1), (76, 2), (30, 1), (89, 2), (7, 1), (62, 2), (41, 1), (49, 1), 
Generation 36:(35, 1), (10, 1), (82, 2), (48, 1), (26, 1), (78, 2), (18, 1), (99, 2), (37, 1), (36, 1), (13, 1), (80, 2), (64, 2), (21, 1), (7, 1), (30, 1), (76, 2), (45, 1), (24, 1), (91, 2), (92, 2), (83, 2), (12, 1), (65, 2), (96, 2), (70, 2), (85, 2), (67, 2), (60, 2), (27, 1), (33, 1), (71, 2), (87, 2), (62, 2), (32, 1), (49, 1), (31, 1), (66, 2), (3, 1), (86, 2), 
Generation 37:(1, 1), (22, 1), (99, 2), (34, 1), (80, 2), (98, 2), (65, 2), (6, 1), (61, 2), (39, 1), (95, 2), (28, 1), (84, 2), (9, 1), (79, 2), (21, 1), (8, 1), (81, 2), (35, 1), (18, 1), (47, 1), (63, 2), (37, 1), (45, 1), (5, 1), (3, 1), (86, 2), (0, 1), (50, 1), (25, 1), (38, 1), (32, 1), (90, 2), (73, 2), (67, 2), (17, 1), (87, 2), (10, 1), (31, 1), (59, 2), 
Generation 38:(67, 2), (47, 1), (23, 1), (77, 2), (87, 2), (80, 2), (15, 1), (5, 1), (84, 2), (69, 2), (90, 2), (71, 2), (45, 1), (66, 2), (36, 1), (7, 1), (88, 2), (0, 1), (48, 1), (51, 1), (1, 1), (72, 2), (18, 1), (79, 2), (44, 1), (50, 1), (64, 2), (91, 2), (94, 2), (20, 1), (60, 2), (32, 1), (62, 2), (92, 2), (73, 2), (3, 1), (96, 2), (70, 2), (26, 1), (10, 1), 
Generation 39:(2, 1), (12, 1), (23, 1), (47, 1), (18, 1), (63, 2), (78, 2), (31, 1), (44, 1), (38, 1), (59, 2), (25, 1), (41, 1), (85, 2), (33, 1), (29, 1), (14, 1), (82, 2), (88, 2), (19, 1), (13, 1), (83, 2), (81, 2), (90, 2), (96, 2), (24, 1), (15, 1), (62, 2), (80, 2), (66, 2), (21, 1), (6, 1), (49, 1), (34, 1), (69, 2), (3, 1), (4, 1), (11, 1), (22, 1), (76, 2), 
Generation 40:(93, 2), (46, 1), (32, 1), (7, 1), (61, 2), (69, 2), (2, 1), (85, 2), (0, 1), (94, 2), (95, 2), (47, 1), (90, 2), (70, 2), (49, 1), (36, 1), (33, 1), (31, 1), (18, 1), (44, 1), (60, 2), (92, 2), (89, 2), (5, 1), (63, 2), (20, 1), (66, 2), (1, 1), (29, 1), (77, 2), (4, 1), (87, 2), (15, 1), (9, 1), (72, 2), (64, 2), (19, 1), (62, 2), (25, 1), (28, 1), 
Generation 41:(8, 1), (20, 1), (85, 2), (33, 1), (27, 1), (92, 2), (98, 2), (50, 1), (2, 1), (5, 1), (97, 2), (59, 2), (22, 1), (44, 1), (83, 2), (32, 1), (43, 1), (47, 1), (88, 2), (87, 2), (23, 1), (25, 1), (58, 2), (75, 2), (79, 2), (3, 1), (9, 1), (16, 1), (89, 2), (29, 1), (26, 1), (31, 1), (80, 2), (41, 1), (4, 1), (15, 1), (6, 1), (35, 1), (93, 2), (86, 2), 
Generation 42:(13, 1), (26, 1), (34, 1), (60, 2), (23, 1), (20, 1), (96, 2), (22, 1), (21, 1), (30, 1), (71, 2), (85, 2), (49, 1), (87, 2), (99, 2), (19, 1), (39, 1), (15, 1), (84, 2), (1, 1), (10, 1), (68, 2), (79, 2), (58, 2), (31, 1), (32, 1), (67, 2), (25, 1), (64, 2), (33, 1), (62, 2), (57, 2), (90, 2), (37, 1), (41, 1), (75, 2), (44, 1), (78, 2), (38, 1), (5, 1), 
Generation 43:(61, 2), (8, 1), (31, 1), (88, 2), (24, 1), (6, 1), (96, 2), (56, 2), (45, 1), (98, 2), (70, 2), (62, 2), (73, 2), (58, 2), (84, 2), (83, 2), (49, 1), (21, 1), (89, 2), (7, 1), (11, 1), (72, 2), (92, 2), (5, 1), (47, 1), (18, 1), (43, 1), (75, 2), (1, 1), (12, 1), (80, 2), (41, 1), (27, 1), (4, 1), (87, 2), (94, 2), (48, 1), (76, 2), (50, 1), (38, 1), 
Generation 44:(97, 2), (25, 1), (2, 1), (55, 2), (80, 2), (85, 2), (72, 2), (43, 1), (68, 2), (24, 1), (86, 2), (67, 2), (45, 1), (16, 1), (71, 2), (79, 2), (73, 2), (40, 1), (93, 2), (76, 2), (0, 1), (57, 2), (30, 1), (77, 2), (15, 1), (82, 2), (10, 1), (62, 2), (13, 1), (87, 2), (34, 1), (90, 2), (32, 1), (49, 1), (18, 1), (61, 2), (58, 2), (96, 2), (23, 1), (8, 1), 
Generation 45:(98, 2), (97, 2), (70, 2), (0, 1), (96, 2), (18, 1), (33, 1), (25, 1), (58, 2), (62, 2), (76, 2), (71, 2), (68, 2), (42, 1), (3, 1), (21, 1), (86, 2), (99, 2), (72, 2), (5, 1), (91, 2), (31, 1), (10, 1), (30, 1), (74, 2), (38, 1), (15, 1), (95, 2), (61, 2), (26, 1), (88, 2), (83, 2), (93, 2), (1, 1), (66, 2), (87, 2), (50, 1), (35, 1), (94, 2), (89, 2), 
Generation 46:(58, 2), (91, 2), (99, 2), (78, 2), (74, 2), (22, 1), (64, 2), (94, 2), (77, 2), (41, 1), (86, 2), (57, 2), (4, 1), (24, 1), (47, 1), (68, 2), (75, 2), (27, 1), (34, 1), (35, 1), (92, 2), (65, 2), (45, 1), (32, 1), (29, 1), (3, 1), (73, 2), (40, 1), (12, 1), (51, 1), (84, 2), (11, 1), (70, 2), (81, 2), (60, 2), (88, 2), (80, 2), (93, 2), (61, 2), (23, 1), 
Generation 47:(88, 2), (10, 1), (5, 1), (87, 2), (11, 1), (3, 1), (14, 1), (51, 1), (35, 1), (0, 1), (15, 1), (23, 1), (33, 1), (39, 1), (90, 2), (34, 1), (21, 1), (52, 1), (1, 1), (30, 1), (99, 2), (94, 2), (85, 2), (6, 1), (24, 1), (41, 1), (65, 2), (70, 2), (79, 2), (61, 2), (92, 2), (77, 2), (74, 2), (13, 1), (27, 1), (25, 1), (47, 1), (45, 1), (44, 1), (32, 1), 
Generation 48:(34, 1), (64, 2), (82, 2), (18, 1), (93, 2), (80, 2), (77, 2), (94, 2), (89, 2), (10, 1), (98, 2), (47, 1), (16, 1), (61, 2), (6, 1), (2, 1), (42, 1), (90, 2), (15, 1), (11, 1), (71, 2), (22, 1), (92, 2), (60, 2), (45, 1), (48, 1), (81, 2), (87, 2), (21, 1), (83, 2), (50, 1), (40, 1), (43, 1), (33, 1), (73, 2), (84, 2), (41, 1), (69, 2), (7, 1), (8, 1), 
Generation 49:(97, 2), (76, 2), (8, 1), (41, 1), (68, 2), (21, 1), (51, 1), (39, 1), (60, 2), (75, 2), (12, 1), (17, 1), (99, 2), (7, 1), (29, 1), (33, 1), (78, 2), (96, 2), (18, 1), (11, 1), (45, 1), (16, 1), (31, 1), (30, 1), (32, 1), (90, 2), (26, 1), (43, 1), (35, 1), (9, 1), (10, 1), (3, 1), (73, 2), (15, 1), (98, 2), (95, 2), (48, 1), (69, 2), (2, 1), (64, 2), 
Generation 50:(81, 2), (91, 2), (40, 1), (61, 2), (84, 2), (33, 1), (26, 1), (27, 1), (62, 2), (23, 1), (69, 2), (18, 1), (8, 1), (93, 2), (99, 2), (13, 1), (90, 2), (73, 2), (65, 2), (12, 1), (52, 1), (16, 1), (76, 2), (35, 1), (14, 1), (94, 2), (63, 2), (85, 2), (67, 2), (32, 1), (34, 1), (4, 1), (41, 1), (71, 2), (15, 1), (97, 2), (17, 1), (49, 1), (87, 2), (25, 1), 
Generation 51:(62, 2), (24, 1), (5, 1), (89, 2), (32, 1), (31, 1), (18, 1), (43, 1), (9, 1), (61, 2), (45, 1), (10, 1), (67, 2), (50, 1), (72, 2), (7, 1), (35, 1), (97, 2), (65, 2), (3, 1), (63, 2), (0, 1), (33, 1), (36, 1), (93, 2), (69, 2), (94, 2), (25, 1), (88, 2), (66, 2), (74, 2), (75, 2), (99, 2), (37, 1), (83, 2), (78, 2), (38, 1), (44, 1), (20, 1), (16, 1), 
Generation 52:(27, 1), (51, 1), (46, 1), (20, 1), (2, 1), (67, 2), (21, 1), (9, 1), (84, 2), (40, 1), (81, 2), (48, 1), (37, 1), (83, 2), (47, 1), (74, 2), (94, 2), (99, 2), (52, 1), (38, 1), (69, 2), (15, 1), (50, 1), (65, 2), (91, 2), (23, 1), (89, 2), (71, 2), (18, 1), (79, 2), (45, 1), (80, 2), (86, 2), (35, 1), (61, 2), (32, 1), (29, 1), (72, 2), (59, 2), (90, 2), 
Generation 53:(42, 1), (46, 1), (97, 2), (0, 1), (22, 1), (87, 2), (34, 1), (15, 1), (38, 1), (84, 2), (40, 1), (20, 1), (29, 1), (85, 2), (6, 1), (67, 2), (70, 2), (37, 1), (72, 2), (25, 1), (59, 2), (66, 2), (39, 1), (13, 1), (98, 2), (26, 1), (3, 1), (73, 2), (44, 1), (51, 1), (90, 2), (78, 2), (74, 2), (27, 1), (77, 2), (93, 2), (2, 1), (49, 1), (81, 2), (80, 2), 
Generation 54:(49, 1), (7, 1), (83, 2), (89, 2), (13, 1), (27, 1), (97, 2), (36, 1), (31, 1), (75, 2), (66, 2), (2, 1), (44, 1), (71, 2), (48, 1), (41, 1), (5, 1), (11, 1), (60, 2), (74, 2), (69, 2), (79, 2), (88, 2), (12, 1), (10, 1), (28, 1), (35, 1), (87, 2), (1, 1), (90, 2), (81, 2), (80, 2), (46, 1), (86, 2), (70, 2), (16, 1), (26, 1), (20, 1), (38, 1), (0, 1), 
Generation 55:(40, 1), (93, 2), (19, 1), (50, 1), (70, 2), (31, 1), (21, 1), (82, 2), (72, 2), (91, 2), (30, 1), (75, 2), (80, 2), (28, 1), (7, 1), (71, 2), (88, 2), (27, 1), (61, 2), (12, 1), (23, 1), (36, 1), (79, 2), (97, 2), (26, 1), (15, 1), (62, 2), (2, 1), (10, 1), (46, 1), (14, 1), (78, 2), (51, 1), (47, 1), (42, 1), (3, 1), (37, 1), (8, 1), (13, 1), (45, 1), 
Generation 56:(37, 1), (22, 1), (17, 1), (61, 2), (13, 1), (95, 2), (5, 1), (26, 1), (94, 2), (47, 1), (24, 1), (7, 1), (63, 2), (11, 1), (0, 1), (29, 1), (88, 2), (60, 2), (20, 1), (48, 1), (8, 1), (36, 1), (89, 2), (21, 1), (39, 1), (18, 1), (34, 1), (78, 2), (98, 2), (74, 2), (93, 2), (33, 1), (30, 1), (41, 1), (66, 2), (77, 2), (91, 2), (19, 1), (49, 1), (76, 2), 
Generation 57:(51, 1), (61, 2), (63, 2), (35, 1), (31, 1), (11, 1), (60, 2), (87, 2), (3, 1), (23, 1), (70, 2), (67, 2), (49, 1), (99, 2), (89, 2), (82, 2), (41, 1), (65, 2), (1, 1), (18, 1), (8, 1), (33, 1), (9, 1), (42, 1), (98, 2), (91, 2), (77, 2), (15, 1), (17, 1), (4, 1), (45, 1), (94, 2), (92, 2), (80, 2), (48, 1), (47, 1), (34, 1), (90, 2), (19, 1), (83, 2), 
Generation 58:(97, 2), (37, 1), (75, 2), (95, 2), (42, 1), (99, 2), (72, 2), (64, 2), (29, 1), (47, 1), (36, 1), (46, 1), (4, 1), (18, 1), (62, 2), (78, 2), (7, 1), (22, 1), (50, 1), (71, 2), (31, 1), (45, 1), (35, 1), (85, 2), (17, 1), (20, 1), (24, 1), (27, 1), (84, 2), (21, 1), (8, 1), (34, 1), (11, 1), (23, 1), (33, 1), (98, 2), (40, 1), (88, 2), (69, 2), (15, 1), 
Generation 59:(15, 1), (63, 2), (36, 1), (18, 1), (25, 1), (43, 1), (88, 2), (33, 1), (48, 1), (34, 1), (7, 1), (82, 2), (20, 1), (5, 1), (40, 1), (19, 1), (46, 1), (39, 1), (52, 1), (72, 2), (38, 1), (9, 1), (96, 2), (49, 1), (42, 1), (65, 2), (44, 1), (4, 1), (94, 2), (87, 2), (92, 2), (26, 1), (3, 1), (67, 2), (22, 1), (79, 2), (29, 1), (16, 1), (71, 2), (37, 1), 
Generation 60:(29, 1), (12, 1), (89, 2), (25, 1), (20, 1), (37, 1), (67, 2), (22, 1), (87, 2), (39, 1), (14, 1), (7, 1), (4, 1), (76, 2), (73, 2), (94, 2), (31, 1), (3, 1), (45, 1), (81, 2), (33, 1), (80, 2), (79, 2), (86, 2), (98, 2), (28, 1), (24, 1), (51, 1), (91, 2), (93, 2), (74, 2), (41, 1), (65, 2), (10, 1), (63, 2), (15, 1), (11, 1), (30, 1), (52, 1), (69, 2), 
Generation 61:(3, 1), (52, 1), (29, 1), (19, 1), (4, 1), (34, 1), (81, 2), (21, 1), (79, 2), (82, 2), (35, 1), (37, 1), (13, 1), (6, 1), (69, 2), (84, 2), (12, 1), (46, 1), (97, 2), (74, 2), (47, 1), (44, 1), (70, 2), (8, 1), (49, 1), (63, 2), (54, 1), (41, 1), (72, 2), (85, 2), (75, 2), (66, 2), (33, 1), (78, 2), (45, 1), (40, 1), (7, 1), (91, 2), (28, 1), (87, 2), 
Generation 62:(66, 2), (70, 2), (42, 1), (81, 2), (44, 1), (95, 2), (26, 1), (69, 2), (93, 2), (16, 1), (24, 1), (9, 1), (34, 1), (62, 2), (63, 2), (40, 1), (67, 2), (49, 1), (86, 2), (73, 2), (19, 1), (21, 1), (23, 1), (83, 2), (94, 2), (13, 1), (17, 1), (88, 2), (72, 2), (65, 2), (31, 1), (43, 1), (41, 1), (37, 1), (30, 1), (8, 1), (25, 1), (0, 1), (80, 2), (76, 2), 
Generation 63:(8, 1), (85, 2), (51, 1), (48, 1), (31, 1), (65, 2), (44, 1), (34, 1), (17, 1), (6, 1), (60, 2), (13, 1), (71, 2), (49, 1), (42, 1), (38, 1), (23, 1), (15, 1), (77, 2), (62, 2), (37, 1), (11, 1), (72, 2), (3, 1), (88, 2), (39, 1), (29, 1), (27, 1), (10, 1), (95, 2), (63, 2), (50, 1), (47, 1), (98, 2), (91, 2), (7, 1), (9, 1), (68, 2), (12, 1), (26, 1), 
Generation 64:(43, 1), (20, 1), (86, 2), (67, 2), (51, 1), (59, 2), (22, 1), (23, 1), (2, 1), (17, 1), (62, 2), (63, 2), (0, 1), (80, 2), (90, 2), (19, 1), (9, 1), (14, 1), (70, 2), (87, 2), (16, 1), (44, 1), (68, 2), (71, 2), (12, 1), (82, 2), (25, 1), (94, 2), (36, 1), (48, 1), (33, 1), (4, 1), (38, 1), (91, 2), (52, 1), (60, 2), (98, 2), (65, 2), (50, 1), (32, 1), 
Generation 65:(48, 1), (39, 1), (15, 1), (46, 1), (51, 1), (5, 1), (65, 2), (13, 1), (98, 2), (30, 1), (2, 1), (72, 2), (69, 2), (12, 1), (76, 2), (49, 1), (81, 2), (33, 1), (45, 1), (36, 1), (73, 2), (16, 1), (42, 1), (96, 2), (80, 2), (44, 1), (40, 1), (75, 2), (34, 1), (64, 2), (50, 1), (21, 1), (18, 1), (93, 2), (10, 1), (59, 2), (7, 1), (37, 1), (52, 1), (74, 2), 
Generation 66:(42, 1), (94, 2), (67, 2), (71, 2), (61, 2), (83, 2), (46, 1), (65, 2), (52, 1), (76, 2), (9, 1), (81, 2), (60, 2), (74, 2), (37, 1), (58, 2), (8, 1), (68, 2), (45, 1), (32, 1), (80, 2), (39, 1), (17, 1), (89, 2), (15, 1), (4, 1), (78, 2), (88, 2), (63, 2), (70, 2), (91, 2), (10, 1), (2, 1), (64, 2), (84, 2), (28, 1), (3, 1), (1, 1), (41, 1), (96, 2), 
Generation 67:(63, 2), (59, 2), (20, 1), (68, 2), (25, 1), (29, 1), (5, 1), (79, 2), (44, 1), (64, 2), (38, 1), (27, 1), (3, 1), (43, 1), (24, 1), (53, 1), (88, 2), (4, 1), (65, 2), (7, 1), (96, 2), (16, 1), (78, 2), (77, 2), (66, 2), (14, 1), (36, 1), (99, 2), (42, 1), (90, 2), (18, 1), (8, 1), (32, 1), (91, 2), (10, 1), (31, 1), (70, 2), (94, 2), (83, 2), (30, 1), 
Generation 68:(26, 1), (6, 1), (83, 2), (92, 2), (63, 2), (0, 1), (74, 2), (38, 1), (64, 2), (91, 2), (79, 2), (36, 1), (1, 1), (80, 2), (77, 2), (90, 2), (39, 1), (14, 1), (58, 2), (45, 1), (75, 2), (4, 1), (88, 2), (47, 1), (17, 1), (82, 2), (51, 1), (11, 1), (7, 1), (89, 2), (19, 1), (78, 2), (53, 1), (87, 2), (70, 2), (93, 2), (81, 2), (48, 1), (8, 1), (54, 1), 
Generation 69:(35, 1), (92, 2), (41, 1), (3, 1), (82, 2), (94, 2), (88, 2), (2, 1), (93, 2), (96, 2), (11, 1), (62, 2), (65, 2), (95, 2), (64, 2), (83, 2), (52, 1), (38, 1), (39, 1), (84, 2), (77, 2), (58, 2), (22, 1), (98, 2), (61, 2), (21, 1), (37, 1), (87, 2), (75, 2), (99, 2), (53, 1), (69, 2), (85, 2), (50, 1), (44, 1), (46, 1), (97, 2), (78, 2), (45, 1), (89, 2), 
Generation 70:(16, 1), (75, 2), (35, 1), (76, 2), (72, 2), (27, 1), (83, 2), (91, 2), (37, 1), (40, 1), (79, 2), (92, 2), (51, 1), (81, 2), (86, 2), (19, 1), (14, 1), (17, 1), (5, 1), (41, 1), (43, 1), (8, 1), (46, 1), (45, 1), (9, 1), (77, 2), (11, 1), (71, 2), (23, 1), (22, 1), (88, 2), (62, 2), (74, 2), (52, 1), (64, 2), (87, 2), (95, 2), (90, 2), (26, 1), (93, 2), 
Generation 71:(39, 1), (0, 1), (43, 1), (96, 2), (40, 1), (69, 2), (72, 2), (75, 2), (4, 1), (41, 1), (79, 2), (76, 2), (77, 2), (35, 1), (38, 1), (24, 1), (92, 2), (14, 1), (34, 1), (90, 2), (26, 1), (63, 2), (73, 2), (80, 2), (62, 2), (3, 1), (5, 1), (46, 1), (11, 1), (16, 1), (98, 2), (28, 1), (81, 2), (1, 1), (23, 1), (71, 2), (8, 1), (52, 1), (85, 2), (51, 1), 
Generation 72:(25, 1), (12, 1), (62, 2), (91, 2), (85, 2), (23, 1), (79, 2), (65, 2), (19, 1), (88, 2), (28, 1), (31, 1), (75, 2), (38, 1), (61, 2), (94, 2), (90, 2), (15, 1), (7, 1), (41, 1), (3, 1), (44, 1), (52, 1), (32, 1), (68, 2), (93, 2), (73, 2), (11, 1), (50, 1), (33, 1), (74, 2), (22, 1), (87, 2), (46, 1), (67, 2), (30, 1), (80, 2), (16, 1), (43, 1), (21, 1), 
Generation 73:(20, 1), (97, 2), (48, 1), (46, 1), (23, 1), (29, 1), (52, 1), (74, 2), (92, 2), (3, 1), (79, 2), (90, 2), (40, 1), (15, 1), (33, 1), (19, 1), (0, 1), (65, 2), (77, 2), (39, 1), (6, 1), (89, 2), (80, 2), (66, 2), (95, 2), (21, 1), (32, 1), (37, 1), (11, 1), (86, 2), (7, 1), (70, 2), (53, 1), (60, 2), (71, 2), (31, 1), (83, 2), (94, 2), (34, 1), (47, 1), 
Generation 74:(24, 1), (90, 2), (6, 1), (7, 1), (44, 1), (85, 2), (95, 2), (84, 2), (30, 1), (21, 1), (49, 1), (45, 1), (27, 1), (76, 2), (71, 2), (78, 2), (3, 1), (87, 2), (54, 1), (36, 1), (35, 1), (93, 2), (86, 2), (17, 1), (80, 2), (88, 2), (41, 1), (42, 1), (66, 2), (92, 2), (16, 1), (14, 1), (61, 2), (8, 1), (65, 2), (47, 1), (89, 2), (2, 1), (1, 1), (59, 2), 
Generation 75:(28, 1), (29, 1), (23, 1), (19, 1), (82, 2), (77, 2), (63, 2), (8, 1), (17, 1), (43, 1), (88, 2), (64, 2), (32, 1), (78, 2), (67, 2), (65, 2), (73, 2), (25, 1), (47, 1), (14, 1), (27, 1), (1, 1), (0, 1), (85, 2), (36, 1), (62, 2), (12, 1), (40, 1), (9, 1), (44, 1), (33, 1), (16, 1), (61, 2), (2, 1), (74, 2), (90, 2), (89, 2), (21, 1), (15, 1), (38, 1), 
Generation 76:(16, 1), (17, 1), (9, 1), (1, 1), (25, 1), (45, 1), (60, 2), (97, 2), (88, 2), (63, 2), (64, 2), (61, 2), (66, 2), (68, 2), (0, 1), (43, 1), (82, 2), (42, 1), (10, 1), (62, 2), (11, 1), (83, 2), (77, 2), (13, 1), (26, 1), (24, 1), (86, 2), (27, 1), (70, 2), (59, 2), (12, 1), (80, 2), (38, 1), (31, 1), (91, 2), (73, 2), (78, 2), (76, 2), (99, 2), (46, 1), 
Generation 77:(36, 1), (19, 1), (13, 1), (3, 1), (1, 1), (89, 2), (48, 1), (9, 1), (21, 1), (73, 2), (87, 2), (88, 2), (32, 1), (92, 2), (6, 1), (37, 1), (39, 1), (0, 1), (62, 2), (27, 1), (76, 2), (22, 1), (26, 1), (58, 2), (72, 2), (71, 2), (67, 2), (98, 2), (25, 1), (70, 2), (28, 1), (35, 1), (7, 1), (24, 1), (84, 2), (60, 2), (86, 2), (18, 1), (29, 1), (5, 1), 
Generation 78:(73, 2), (61, 2), (35, 1), (80, 2), (81, 2), (41, 1), (94, 2), (62, 2), (70, 2), (37, 1), (71, 2), (32, 1), (18, 1), (57, 2), (28, 1), (75, 2), (3, 1), (19, 1), (74, 2), (87, 2), (25, 1), (92, 2), (42, 1), (40, 1), (15, 1), (31, 1), (96, 2), (82, 2), (8, 1), (43, 1), (33, 1), (20, 1), (5, 1), (97, 2), (46, 1), (44, 1), (63, 2), (68, 2), (60, 2), (90, 2), 
Generation 79:(62, 2), (73, 2), (4, 1), (22, 1), (23, 1), (38, 1), (29, 1), (75, 2), (14, 1), (60, 2), (87, 2), (98, 2), (26, 1), (89, 2), (72, 2), (67, 2), (48, 1), (69, 2), (94, 2), (15, 1), (55, 2), (77, 2), (63, 2), (82, 2), (59, 2), (84, 2), (10, 1), (41, 1), (0, 1), (74, 2), (76, 2), (18, 1), (3, 1), (93, 2), (34, 1), (79, 2), (33, 1), (56, 2), (16, 1), (81, 2), 
Generation 80:(98, 2), (29, 1), (54, 2), (59, 2), (96, 2), (32, 1), (57, 2), (81, 2), (0, 1), (76, 2), (60, 2), (72, 2), (92, 2), (86, 2), (34, 1), (77, 2), (7, 1), (27, 1), (9, 1), (58, 2), (94, 2), (8, 1), (66, 2), (23, 1), (30, 1), (25, 1), (19, 1), (1, 1), (38, 1), (37, 1), (18, 1), (85, 2), (63, 2), (33, 1), (93, 2), (99, 2), (80, 2), (48, 1), (10, 1), (65, 2), 
Generation 81:(44, 1), (70, 2), (25, 1), (86, 2), (77, 2), (3, 1), (56, 2), (61, 2), (32, 1), (45, 1), (97, 2), (5, 1), (35, 1), (67, 2), (88, 2), (24, 1), (4, 1), (87, 2), (53, 2), (65, 2), (89, 2), (31, 1), (72, 2), (48, 1), (69, 2), (41, 1), (64, 2), (12, 1), (14, 1), (17, 1), (91, 2), (37, 1), (71, 2), (8, 1), (10, 1), (96, 2), (68, 2), (26, 1), (73, 2), (90, 2), 
Generation 82:(73, 2), (19, 1), (84, 2), (68, 2), (30, 1), (8, 1), (34, 1), (11, 1), (57, 2), (5, 1), (70, 2), (94, 2), (44, 1), (28, 1), (75, 2), (55, 2), (64, 2), (26, 1), (91, 2), (63, 2), (46, 1), (0, 1), (49, 1), (3, 1), (40, 1), (97, 2), (77, 2), (18, 1), (36, 1), (62, 2), (54, 2), (93, 2), (31, 1), (42, 1), (17, 1), (7, 1), (47, 1), (6, 1), (21, 1), (72, 2), 
Generation 83:(56, 2), (76, 2), (54, 2), (43, 1), (61, 2), (89, 2), (37, 1), (1, 1), (49, 1), (48, 1), (4, 1), (7, 1), (84, 2), (82, 2), (24, 1), (32, 1), (62, 2), (85, 2), (74, 2), (27, 1), (70, 2), (94, 2), (30, 1), (55, 2), (9, 1), (99, 2), (19, 1), (68, 2), (17, 1), (11, 1), (13, 1), (96, 2), (28, 1), (86, 2), (71, 2), (80, 2), (73, 2), (88, 2), (10, 1), (78, 2), 
Generation 84:(70, 2), (38, 1), (71, 2), (27, 1), (95, 2), (74, 2), (46, 1), (66, 2), (4, 1), (40, 1), (1, 1), (85, 2), (68, 2), (44, 1), (87, 2), (10, 1), (42, 1), (25, 1), (54, 2), (31, 1), (80, 2), (28, 1), (14, 1), (89, 2), (37, 1), (77, 2), (93, 2), (19, 1), (2, 1), (24, 1), (29, 1), (0, 1), (50, 1), (47, 1), (62, 2), (5, 1), (7, 1), (6, 1), (97, 2), (94, 2), 
Generation 85:(39, 1), (93, 2), (50, 1), (0, 1), (72, 2), (66, 2), (43, 1), (83, 2), (87, 2), (16, 1), (48, 1), (35, 1), (7, 1), (67, 2), (47, 1), (58, 2), (96, 2), (24, 1), (62, 2), (31, 1), (15, 1), (2, 1), (42, 1), (98, 2), (9, 1), (36, 1), (81, 2), (41, 1), (32, 1), (57, 2), (5, 1), (64, 2), (86, 2), (23, 1), (65, 2), (54, 2), (29, 1), (60, 2), (74, 2), (79, 2), 
Generation 86:(8, 1), (81, 2), (79, 2), (18, 1), (35, 1), (50, 1), (41, 1), (89, 2), (4, 1), (74, 2), (33, 1), (56, 2), (31, 1), (6, 1), (98, 2), (30, 1), (47, 1), (95, 2), (36, 1), (77, 2), (54, 2), (39, 1), (82, 2), (73, 2), (49, 1), (55, 2), (43, 1), (37, 1), (45, 1), (26, 1), (69, 2), (71, 2), (17, 1), (1, 1), (21, 1), (32, 1), (72, 2), (20, 1), (96, 2), (57, 2), 
Generation 87:(15, 1), (29, 1), (71, 2), (74, 2), (64, 2), (94, 2), (78, 2), (18, 1), (92, 2), (45, 1), (22, 1), (19, 1), (59, 2), (1, 1), (28, 1), (34, 1), (55, 2), (83, 2), (7, 1), (67, 2), (93, 2), (41, 1), (42, 1), (57, 2), (49, 1), (50, 1), (40, 1), (91, 2), (5, 1), (62, 2), (99, 2), (84, 2), (63, 2), (90, 2), (36, 1), (21, 1), (2, 1), (44, 1), (13, 1), (23, 1), 
Generation 88:(47, 1), (62, 2), (8, 1), (19, 1), (99, 2), (29, 1), (28, 1), (75, 2), (64, 2), (91, 2), (55, 2), (60, 2), (81, 2), (10, 1), (59, 2), (83, 2), (88, 2), (67, 2), (32, 1), (70, 2), (49, 1), (92, 2), (13, 1), (82, 2), (85, 2), (74, 2), (7, 1), (90, 2), (23, 1), (73, 2), (26, 1), (0, 1), (89, 2), (22, 1), (77, 2), (36, 1), (25, 1), (17, 1), (18, 1), (5, 1), 
Generation 89:(62, 2), (73, 2), (5, 1), (56, 2), (64, 2), (54, 2), (65, 2), (79, 2), (90, 2), (57, 2), (25, 1), (30, 1), (21, 1), (12, 1), (55, 2), (95, 2), (84, 2), (19, 1), (28, 1), (23, 1), (88, 2), (99, 2), (20, 1), (33, 1), (60, 2), (58, 2), (59, 2), (43, 1), (29, 1), (96, 2), (70, 2), (7, 1), (27, 1), (86, 2), (18, 1), (80, 2), (40, 1), (74, 2), (34, 1), (97, 2), 
Generation 90:(22, 1), (36, 1), (92, 2), (6, 1), (53, 2), (70, 2), (38, 1), (73, 2), (81, 2), (33, 1), (23, 1), (3, 1), (17, 1), (69, 2), (41, 1), (54, 2), (80, 2), (71, 2), (99, 2), (7, 1), (45, 1), (4, 1), (40, 1), (20, 1), (56, 2), (26, 1), (9, 1), (86, 2), (77, 2), (93, 2), (82, 2), (52, 2), (89, 2), (79, 2), (43, 1), (87, 2), (27, 1), (88, 2), (67, 2), (30, 1), 
Generation 91:(0, 1), (36, 1), (40, 1), (4, 1), (97, 2), (17, 1), (91, 2), (34, 1), (32, 1), (67, 2), (27, 1), (5, 1), (63, 2), (85, 2), (45, 1), (9, 1), (8, 1), (44, 1), (79, 2), (19, 1), (42, 1), (73, 2), (38, 1), (64, 2), (82, 2), (52, 2), (88, 2), (13, 1), (54, 2), (84, 2), (26, 1), (56, 2), (76, 2), (96, 2), (66, 2), (55, 2), (81, 2), (51, 2), (35, 1), (15, 1), 
Generation 92:(13, 1), (20, 1), (80, 2), (74, 2), (99, 2), (34, 1), (62, 2), (67, 2), (35, 1), (84, 2), (41, 1), (37, 1), (55, 2), (5, 1), (15, 1), (86, 2), (23, 1), (98, 2), (97, 2), (9, 1), (3, 1), (29, 1), (16, 1), (81, 2), (6, 1), (94, 2), (96, 2), (59, 2), (71, 2), (56, 2), (95, 2), (43, 1), (50, 2), (73, 2), (75, 2), (17, 1), (32, 1), (38, 1), (45, 1), (54, 2), 
Generation 93:(72, 2), (57, 2), (69, 2), (35, 1), (53, 2), (88, 2), (66, 2), (24, 1), (10, 1), (26, 1), (33, 1), (58, 2), (52, 2), (54, 2), (70, 2), (44, 1), (45, 1), (41, 1), (6, 1), (13, 1), (36, 1), (12, 1), (19, 1), (23, 1), (32, 1), (14, 1), (21, 1), (89, 2), (1, 1), (85, 2), (77, 2), (30, 1), (64, 2), (11, 1), (38, 1), (8, 1), (51, 2), (81, 2), (17, 1), (87, 2), 
Generation 94:(38, 1), (79, 2), (40, 1), (23, 1), (62, 2), (21, 1), (35, 1), (96, 2), (30, 1), (90, 2), (71, 2), (43, 1), (83, 2), (57, 2), (31, 1), (88, 2), (39, 1), (10, 1), (29, 1), (70, 2), (65, 2), (92, 2), (24, 1), (60, 2), (68, 2), (77, 2), (4, 1), (14, 1), (12, 1), (93, 2), (22, 1), (64, 2), (78, 2), (7, 1), (6, 1), (69, 2), (25, 1), (87, 2), (32, 1), (2, 1), 
Generation 95:(86, 2), (67, 2), (97, 2), (60, 2), (15, 1), (35, 1), (45, 1), (4, 1), (18, 1), (80, 2), (99, 2), (1, 1), (6, 1), (83, 2), (56, 2), (92, 2), (62, 2), (75, 2), (74, 2), (24, 1), (68, 2), (93, 2), (30, 1), (0, 1), (96, 2), (64, 2), (27, 1), (95, 2), (87, 2), (90, 2), (79, 2), (76, 2), (65, 2), (2, 1), (31, 1), (8, 1), (61, 2), (69, 2), (57, 2), (37, 1), 
Generation 96:(30, 1), (93, 2), (81, 2), (9, 1), (27, 1), (1, 1), (14, 1), (35, 1), (46, 1), (29, 1), (67, 2), (68, 2), (65, 2), (61, 2), (44, 1), (4, 1), (42, 1), (73, 2), (59, 2), (88, 2), (58, 2), (26, 1), (64, 2), (69, 2), (23, 1), (87, 2), (82, 2), (54, 2), (24, 1), (98, 2), (28, 1), (89, 2), (40, 1), (78, 2), (41, 1), (72, 2), (34, 1), (92, 2), (0, 1), (12, 1), 
Generation 97:(78, 2), (45, 1), (27, 1), (4, 1), (38, 1), (93, 2), (72, 2), (75, 2), (47, 1), (11, 1), (80, 2), (77, 2), (76, 2), (33, 1), (36, 1), (70, 2), (44, 1), (90, 2), (73, 2), (12, 1), (5, 1), (35, 1), (26, 1), (63, 2), (57, 2), (91, 2), (32, 1), (67, 2), (10, 1), (22, 1), (29, 1), (2, 1), (28, 1), (1, 1), (41, 1), (59, 2), (40, 1), (96, 2), (30, 1), (53, 2), 
Generation 98:(66, 2), (85, 2), (15, 1), (55, 2), (36, 1), (14, 1), (39, 1), (13, 1), (89, 2), (5, 1), (96, 2), (1, 1), (4, 1), (74, 2), (31, 1), (19, 1), (62, 2), (52, 2), (87, 2), (68, 2), (67, 2), (38, 1), (90, 2), (34, 1), (16, 1), (17, 1), (10, 1), (45, 1), (41, 1), (30, 1), (21, 1), (12, 1), (29, 1), (46, 1), (37, 1), (88, 2), (81, 2), (24, 1), (6, 1), (44, 1), 
Generation 99:(18, 1), (55, 2), (24, 1), (69, 2), (11, 1), (96, 2), (93, 2), (15, 1), (14, 1), (56, 2), (91, 2), (46, 1), (35, 1), (65, 2), (36, 1), (40, 1), (38, 1), (27, 1), (79, 2), (3, 1), (60, 2), (6, 1), (98, 2), (59, 2), (33, 1), (97, 2), (25, 1), (83, 2), (92, 2), (0, 1), (19, 1), (1, 1), (17, 1), (20, 1), (72, 2), (34, 1), (74, 2), (37, 1), (76, 2), (28, 1), 
Generation 100:(92, 2), (55, 2), (64, 2), (71, 2), (80, 2), (32, 1), (1, 1), (65, 2), (59, 2), (25, 1), (35, 1), (87, 2), (54, 2), (9, 1), (45, 1), (62, 2), (38, 1), (73, 2), (37, 1), (95, 2), (36, 1), (90, 2), (89, 2), (47, 1), (84, 2), (28, 1), (98, 2), (33, 1), (57, 2), (86, 2), (2, 1), (94, 2), (10, 1), (81, 2), (31, 1), (14, 1), (83, 2), (12, 1), (6, 1), (68, 2), 
Generation 101: