Generation 0:
Generation 1:(75, 2), (19, 1), (78, 2), (14, 1), (89, 2), (97, 2), (86, 2), (8, 1), (71, 2), (31, 1), (30, 1), (57, 2), (93, 2), (51, 2), (83, 2), (16, 1), (45, 1), (40, 1), (34, 1), (68, 2), (41, 1), (56, 2), (96, 2), (33, 1), (53, 2), (46, 1), (74, 2), (43, 1), (50, 2), (67, 2), (4, 1), (87, 2), (49, 1), (21, 1), (23, 1), (88, 2), (10, 1), (77, 2), (59, 2), (9, 1), 
Generation 2:(60, 2), (87, 2), (13, 1), (61, 2), (50, 2), (93, 2), (24, 1), (33, 1), (25, 1), (79, 2), (66, 2), (11, 1), (14, 1), (76, 2), (38, 1), (27, 1), (20, 1), (81, 2), (55, 2), (28, 1), (19, 1), (21, 1), (69, 2), (73, 2), (74, 2), (7, 1), (5, 1), (77, 2), (29, 1), (48, 1), (88, 2), (97, 2), (89, 2), (86, 2), (84, 2), (34, 1), (43, 1), (63, 2), (41, 1), (75, 2), 
Generation 3:(68, 2), (62, 2), (17, 1), (72, 2), (41, 1), (31, 1), (43, 1), (29, 1), (73, 2), (32, 1), (66, 2), (67, 2), (18, 1), (8, 1), (35, 1), (82, 2), (48, 1), (36, 1), (0, 1), (11, 1), (39, 1), (5, 1), (30, 1), (23, 1), (56, 2), (55, 2), (79, 2), (13, 1), (98, 2), (3, 1), (84, 2), (65, 2), (69, 2), (88, 2), (19, 1), (64, 2), (24, 1), (28, 1), (78, 2), (12, 1), 
Generation 4:(49, 1), (45, 1), (66, 2), (52, 2), (38, 1), (69, 2), (35, 1), (8, 1), (62, 2), (70, 2), (78, 2), (95, 2), (27, 1), (33, 1), (20, 1), (94, 2), (50, 1), (25, 1), (84, 2), (79, 2), (36, 1), (53, 2), (3, 1), (34, 1), (76, 2), (71, 2), (83, 2), (19, 1), (75, 2), (90, 2), (6, 1), (89, 2), (28, 1), (21, 1), (48, 1), (47, 1), (30, 1), (0, 1), (4, 1), (46, 1), 
Generation 5:(94, 2), (86, 2), (25, 1), (46, 1), (22, 1), (70, 2), (64, 2), (74, 2), (5, 1), (60, 2), (78, 2), (49, 1), (98, 2), (54, 2), (27, 1), (99, 2), (53, 2), (28, 1), (91, 2), (61, 2), (83, 2), (65, 2), (90, 2), (58, 2), (92, 2), (29, 1), (73, 2), (42, 1), (35, 1), (2, 1), (24, 1), (3, 1), (50, 1), (32, 1), (76, 2), (85, 2), (48, 1), (26, 1), (23, 1), (87, 2), 
Generation 6:(75, 2), (43, 1), (48, 1), (42, 1), (73, 2), (63, 2), (17, 1), (44, 1), (56, 2), (1, 1), (37, 1), (86, 2), (29, 1), (45, 1), (62, 2), (88, 2), (67, 2), (50, 1), (94, 2), (22, 1), (95, 2), (64, 2), (91, 2), (32, 1), (70, 2), (66, 2), (23, 1), (89, 2), (21, 1), (83, 2), (30, 1), (35, 1), (55, 2), (5, 1), (10, 1), (25, 1), (24, 1), (39, 1), (79, 2), (72, 2), 
Generation 7:(25, 1), (64, 2), (48, 1), (19, 1), (3, 1), (86, 2), (92, 2), (76, 2), (59, 2), (8, 1), (69, 2), (62, 2), (55, 2), (99, 2), (10, 1), (13, 1), (88, 2), (67, 2), (66, 2), (7, 1), (78, 2), (37, 1), (23, 1), (80, 2), (29, 1), (18, 1), (91, 2), (84, 2), (65, 2), (49, 1), (75, 2), (44, 1), (22, 1), (61, 2), (97, 2), (30, 1), (11, 1), (16, 1), (40, 1), (47, 1), 
Generation 8:(14, 1), (85, 2), (61, 2), (7, 1), (73, 2), (98, 2), (56, 2), (0, 1), (17, 1), (39, 1), (35, 1), (36, 1), (94, 2), (44, 1), (46, 1), (57, 2), (19, 1), (12, 1), (81, 2), (89, 2), (62, 2), (43, 1), (31, 1), (93, 2), (65, 2), (1, 1), (8, 1), (23, 1), (27, 1), (99, 2), (45, 1), (41, 1), (91, 2), (55, 2), (69, 2), (33, 1), (77, 2), (48, 1), (26, 1), (78, 2), 
Generation 9:(61, 2), (5, 1), (54, 2), (32, 1), (57, 2), (58, 2), (34, 1), (69, 2), (35, 1), (89, 2), (98, 2), (42, 1), (90, 2), (36, 1), (79, 2), (53, 2), (19, 1), (73, 2), (39, 1), (13, 1), (16, 1), (56, 2), (95, 2), (63, 2), (27, 1), (10, 1), (11, 1), (55, 2), (7, 1), (60, 2), (37, 1), (88, 2), (17, 1), (91, 2), (68, 2), (6, 1), (80, 2), (49, 1), (29, 1), (70, 2), 
Generation 10:(94, 2), (65, 2), (64, 2), (60, 2), (18, 1), (84, 2), (68, 2), (45, 1), (6, 1), (8, 1), (41, 1), (3, 1), (15, 1), (19, 1), (72, 2), (52, 2), (67, 2), (87, 2), (76, 2), (16, 1), (37, 1), (12, 1), (14, 1), (63, 2), (36, 1), (59, 2), (27, 1), (62, 2), (35, 1), (46, 1), (42, 1), (34, 1), (21, 1), (43, 1), (83, 2), (82, 2), (56, 2), (32, 1), (78, 2), (44, 1), 
Generation 11:(13, 1), (10, 1), (5, 1), (4, 1), (99, 2), (89, 2), (14, 1), (25, 1), (21, 1), (45, 1), (63, 2), (28, 1), (39, 1), (77, 2), (12, 1), (88, 2), (11, 1), (7, 1), (64, 2), (44, 1), (76, 2), (23, 1), (6, 1), (83, 2), (74, 2), (54, 2), (68, 2), (24, 1), (56, 2), (42, 1), (86, 2), (40, 1), (41, 1), (72, 2), (0, 1), (80, 2), (1, 1), (79, 2), (43, 1), (70, 2), 
Generation 12:(29, 1), (14, 1), (98, 2), (68, 2), (73, 2), (82, 2), (80, 2), (38, 1), (39, 1), (59, 2), (3, 1), (89, 2), (41, 1), (62, 2), (76, 2), (55, 2), (36, 1), (74, 2), (45, 1), (31, 1), (15, 1), (53, 2), (60, 2), (44, 1), (71, 2), (90, 2), (13, 1), (87, 2), (0, 1), (8, 1), (64, 2), (94, 2), (17, 1), (51, 2), (11, 1), (35, 1), (88, 2), (12, 1), (72, 2), (1, 1), 
Generation 13:(88, 2), (94, 2), (39, 1), (47, 1), (80, 2), (58, 2), (31, 1), (21, 1), (22, 1), (5, 1), (59, 2), (30, 1), (3, 1), (14, 1), (99, 2), (27, 1), (23, 1), (53, 2), (60, 2), (86, 2), (57, 2), (20, 1), (84, 2), (51, 2), (81, 2), (16, 1), (78, 2), (96, 2), (67, 2), (85, 2), (25, 1), (98, 2), (63, 2), (8, 1), (91, 2), (4, 1), (45, 1), (29, 1), (40, 1), (75, 2), 
Generation 14:(87, 2), (78, 2), (58, 2), (9, 1), (35, 1), (85, 2), (54, 2), (3, 1), (6, 1), (53, 2), (34, 1), (62, 2), (27, 1), (69, 2), (12, 1), (59, 2), (40, 1), (39, 1), (86, 2), (79, 2), (92, 2), (15, 1), (74, 2), (94, 2), (57, 2), (0, 1), (66, 2), (2, 1), (33, 1), (21, 1), (22, 1), (5, 1), (44, 1), (90, 2), (97, 2), (99, 2), (48, 1), (18, 1), (45, 1), (81, 2), 
Generation 15:(16, 1), (44, 1), (11, 1), (54, 2), (72, 2), (35, 1), (84, 2), (22, 1), (6, 1), (34, 1), (94, 2), (30, 1), (78, 2), (59, 2), (39, 1), (31, 1), (25, 1), (29, 1), (61, 2), (7, 1), (56, 2), (41, 1), (63, 2), (87, 2), (5, 1), (97, 2), (10, 1), (88, 2), (71, 2), (69, 2), (0, 1), (80, 2), (43, 1), (18, 1), (46, 1), (13, 1), (60, 2), (85, 2), (48, 1), (57, 2), 
Generation 16:(87, 2), (71, 2), (9, 1), (5, 1), (17, 1), (84, 2), (4, 1), (96, 2), (70, 2), (33, 1), (31, 1), (88, 2), (53, 2), (64, 2), (24, 1), (44, 1), (95, 2), (78, 2), (74, 2), (86, 2), (12, 1), (98, 2), (19, 1), (1, 1), (97, 2), (20, 1), (18, 1), (14, 1), (72, 2), (81, 2), (85, 2), (26, 1), (67, 2), (38, 1), (57, 2), (25, 1), (7, 1), (82, 2), (0, 1), (50, 1), 
Generation 17:(52, 2), (57, 2), (90, 2), (24, 1), (77, 2), (6, 1), (19, 1), (38, 1), (72, 2), (95, 2), (83, 2), (99, 2), (23, 1), (29, 1), (61, 2), (56, 2), (14, 1), (39, 1), (18, 1), (10, 1), (79, 2), (37, 1), (28, 1), (93, 2), (64, 2), (68, 2), (49, 1), (58, 2), (89, 2), (81, 2), (1, 1), (98, 2), (96, 2), (69, 2), (74, 2), (53, 2), (63, 2), (47, 1), (84, 2), (66, 2), 
Generation 18:(8, 1), (20, 1), (52, 2), (70, 2), (54, 2), (73, 2), (76, 2), (43, 1), (58, 2), (86, 2), (39, 1), (72, 2), (75, 2), (69, 2), (74, 2), (62, 2), (3, 1), (63, 2), (55, 2), (93, 2), (4, 1), (56, 2), (27, 1), (64, 2), (37, 1), (31, 1), (40, 1), (2, 1), (30, 1), (91, 2), (7, 1), (35, 1), (79, 2), (53, 2), (28, 1), (44, 1), (65, 2), (87, 2), (1, 1), (14, 1), 
Generation 19:(19, 1), (29, 1), (78, 2), (55, 2), (3, 1), (44, 1), (70, 2), (72, 2), (6, 1), (62, 2), (68, 2), (98, 2), (51, 2), (85, 2), (77, 2), (21, 1), (75, 2), (93, 2), (18, 1), (81, 2), (36, 1), (14, 1), (25, 1), (76, 2), (17, 1), (71, 2), (99, 2), (20, 1), (13, 1), (50, 2), (58, 2), (30, 1), (73, 2), (64, 2), (22, 1), (86, 2), (9, 1), (38, 1), (59, 2), (61, 2), 
Generation 20:(18, 1), (17, 1), (49, 2), (5, 1), (23, 1), (10, 1), (29, 1), (24, 1), (31, 1), (85, 2), (57, 2), (3, 1), (0, 1), (52, 2), (75, 2), (82, 2), (54, 2), (63, 2), (1, 1), (77, 2), (8, 1), (9, 1), (61, 2), (56, 2), (84, 2), (89, 2), (50, 2), (33, 1), (98, 2), (12, 1), (35, 1), (67, 2), (43, 1), (15, 1), (87, 2), (13, 1), (27, 1), (39, 1), (71, 2), (42, 1), 
Generation 21:(86, 2), (13, 1), (42, 1), (41, 1), (27, 1), (92, 2), (83, 2), (15, 1), (40, 1), (76, 2), (45, 1), (5, 1), (33, 1), (90, 2), (18, 1), (24, 1), (70, 2), (6, 1), (19, 1), (16, 1), (58, 2), (23, 1), (8, 1), (22, 1), (49, 2), (36, 1), (91, 2), (3, 1), (75, 2), (68, 2), (88, 2), (29, 1), (12, 1), (28, 1), (4, 1), (14, 1), (34, 1), (51, 2), (95, 2), (80, 2), 
Generation 22:(44, 1), (22, 1), (42, 1), (38, 1), (14, 1), (9, 1), (25, 1), (89, 2), (21, 1), (43, 1), (86, 2), (30, 1), (2, 1), (66, 2), (18, 1), (61, 2), (60, 2), (8, 1), (33, 1), (88, 2), (17, 1), (97, 2), (63, 2), (15, 1), (23, 1), (41, 1), (96, 2), (90, 2), (75, 2), (62, 2), (93, 2), (55, 2), (34, 1), (13, 1), (7, 1), (27, 1), (10, 1), (50, 2), (28, 1), (31, 1), 
Generation 23:(11, 1), (34, 1), (31, 1), (53, 2), (60, 2), (38, 1), (96, 2), (84, 2), (78, 2), (76, 2), (93, 2), (56, 2), (77, 2), (45, 1), (52, 2), (63, 2), (26, 1), (42, 1), (2, 1), (24, 1), (61, 2), (8, 1), (95, 2), (68, 2), (97, 2), (19, 1), (5, 1), (46, 1), (10, 1), (36, 1), (87, 2), (74, 2), (33, 1), (83, 2), (7, 1), (94, 2), (9, 1), (51, 2), (59, 2), (92, 2), 
Generation 24:(59, 2), (7, 1), (63, 2), (3, 1), (37, 1), (47, 1), (69, 2), (22, 1), (15, 1), (65, 2), (0, 1), (45, 1), (62, 2), (55, 2), (25, 1), (38, 1), (66, 2), (85, 2), (8, 1), (34, 1), (18, 1), (68, 2), (24, 1), (88, 2), (86, 2), (80, 2), (5, 1), (1, 1), (87, 2), (9, 1), (16, 1), (73, 2), (77, 2), (51, 2), (52, 2), (40, 1), (29, 1), (75, 2), (58, 2), (82, 2), 
Generation 25:(80, 2), (79, 2), (23, 1), (6, 1), (81, 2), (8, 1), (41, 1), (72, 2), (43, 1), (84, 2), (50, 2), (95, 2), (87, 2), (93, 2), (29, 1), (76, 2), (60, 2), (18, 1), (90, 2), (89, 2), (44, 1), (64, 2), (37, 1), (25, 1), (52, 2), (28, 1), (63, 2), (71, 2), (74, 2), (69, 2), (53, 2), (11, 1), (46, 1), (12, 1), (70, 2), (5, 1), (61, 2), (13, 1), (51, 2), (4, 1), 
Generation 26:(81, 2), (2, 1), (59, 2), (82, 2), (88, 2), (65, 2), (24, 1), (16, 1), (0, 1), (31, 1), (43, 1), (15, 1), (44, 1), (55, 2), (67, 2), (75, 2), (8, 1), (19, 1), (34, 1), (61, 2), (28, 1), (70, 2), (23, 1), (53, 2), (10, 1), (3, 1), (96, 2), (18, 1), (14, 1), (4, 1), (39, 1), (35, 1), (86, 2), (29, 1), (68, 2), (58, 2), (38, 1), (20, 1), (60, 2), (80, 2), 
Generation 27:(88, 2), (20, 1), (82, 2), (17, 1), (68, 2), (96, 2), (62, 2), (2, 1), (15, 1), (79, 2), (50, 2), (12, 1), (31, 1), (48, 1), (72, 2), (75, 2), (60, 2), (42, 1), (61, 2), (63, 2), (8, 1), (92, 2), (53, 2), (91, 2), (58, 2), (26, 1), (86, 2), (19, 1), (24, 1), (35, 1), (11, 1), (10, 1), (46, 1), (85, 2), (22, 1), (9, 1), (40, 1), (64, 2), (70, 2), (39, 1), 
Generation 28:(87, 2), (3, 1), (11, 1), (9, 1), (70, 2), (80, 2), (16, 1), (10, 1), (46, 1), (75, 2), (73, 2), (84, 2), (82, 2), (51, 2), (48, 1), (56, 2), (93, 2), (18, 1), (7, 1), (76, 2), (88, 2), (6, 1), (83, 2), (24, 1), (35, 1), (59, 2), (15, 1), (41, 1), (96, 2), (2, 1), (63, 2), (20, 1), (72, 2), (39, 1), (89, 2), (94, 2), (86, 2), (55, 2), (43, 1), (99, 2), 
Generation 29:(55, 2), (86, 2), (85, 2), (95, 2), (94, 2), (52, 2), (88, 2), (30, 1), (5, 1), (57, 2), (19, 1), (37, 1), (0, 1), (24, 1), (17, 1), (26, 1), (89, 2), (90, 2), (54, 2), (34, 1), (65, 2), (11, 1), (60, 2), (45, 1), (3, 1), (39, 1), (9, 1), (6, 1), (58, 2), (40, 1), (93, 2), (98, 2), (31, 1), (27, 1), (83, 2), (21, 1), (42, 1), (33, 1), (76, 2), (64, 2), 
Generation 30:(86, 2), (96, 2), (23, 1), (7, 1), (52, 2), (6, 1), (12, 1), (45, 1), (61, 2), (76, 2), (13, 1), (98, 2), (30, 1), (39, 1), (44, 1), (22, 1), (18, 1), (28, 1), (66, 2), (46, 1), (5, 1), (25, 1), (38, 1), (58, 2), (69, 2), (55, 2), (36, 1), (88, 2), (3, 1), (29, 1), (82, 2), (20, 1), (89, 2), (56, 2), (62, 2), (16, 1), (53, 2), (94, 2), (0, 1), (26, 1), 
Generation 31:(38, 1), (86, 2), (39, 1), (74, 2), (47, 1), (72, 2), (23, 1), (11, 1), (79, 2), (63, 2), (20, 1), (8, 1), (70, 2), (89, 2), (24, 1), (58, 2), (16, 1), (37, 1), (4, 1), (82, 2), (91, 2), (94, 2), (88, 2), (12, 1), (28, 1), (6, 1), (40, 1), (14, 1), (35, 1), (76, 2), (29, 1), (45, 1), (17, 1), (25, 1), (80, 2), (77, 2), (27, 1), (10, 1), (7, 1), (71, 2), 
Generation 32:(21, 1), (34, 1), (68, 2), (18, 1), (28, 1), (46, 1), (38, 1), (83, 2), (44, 1), (25, 1), (37, 1), (65, 2), (10, 1), (79, 2), (30, 1), (81, 2), (12, 1), (7, 1), (57, 2), (72, 2), (62, 2), (24, 1), (89, 2), (55, 2), (41, 1), (22, 1), (19, 1), (52, 1), (88, 2), (71, 2), (13, 1), (14, 1), (49, 1), (1, 1), (6, 1), (60, 2), (84, 2), (86, 2), (73, 2), (94, 2), 
Generation 33:(72, 2), (41, 1), (50, 1), (26, 1), (25, 1), (9, 1), (85, 2), (16, 1), (27, 1), (47, 1), (24, 1), (28, 1), (63, 2), (38, 1), (78, 2), (4, 1), (20, 1), (5, 1), (17, 1), (2, 1), (94, 2), (86, 2), (43, 1), (77, 2), (12, 1), (88, 2), (55, 2), (87, 2), (80, 2), (3, 1), (54, 2), (34, 1), (56, 2), (11, 1), (84, 2), (21, 1), (74, 2), (67, 2), (71, 2), (42, 1), 
Generation 34:(98, 2), (38, 1), (87, 2), (14, 1), (79, 2), (31, 1), (70, 2), (58, 2), (32, 1), (30, 1), (76, 2), (94, 2), (99, 2), (0, 1), (60, 2), (29, 1), (83, 2), (66, 2), (23, 1), (61, 2), (95, 2), (88, 2), (40, 1), (71, 2), (96, 2), (67, 2), (33, 1), (68, 2), (3, 1), (56, 2), (27, 1), (84, 2), (2, 1), (6, 1), (75, 2), (20, 1), (86, 2), (7, 1), (63, 2), (47, 1), 
Generation 35:(85, 2), (25, 1), (46, 1), (92, 2), (79, 2), (72, 2), (83, 2), (57, 2), (18, 1), (75, 2), (29, 1), (26, 1), (10, 1), (12, 1), (7, 1), (48, 1), (14, 1), (86, 2), (5, 1), (70, 2), (96, 2), (66, 2), (98, 2), (64, 2), (84, 2), (31, 1), (62, 2), (56, 2), (60, 2), (45, 1), (11, 1), (89, 2), (93, 2), (99, 2), (3, 1), (2, 1), (71, 2), (52, 2), (19, 1), (17, 1), 
Generation 36:(15, 1), (71, 2), (38, 1), (97, 2), (54, 2), (9, 1), (14, 1), (55, 2), (13, 1), (64, 2), (8, 1), (1, 1), (27, 1), (72, 2), (4, 1), (84, 2), (24, 1), (10, 1), (88, 2), (67, 2), (56, 2), (60, 2), (48, 1), (83, 2), (6, 1), (25, 1), (80, 2), (93, 2), (42, 1), (73, 2), (35, 1), (82, 2), (22, 1), (47, 1), (37, 1), (59, 2), (78, 2), (95, 2), (21, 1), (61, 2), 
Generation 37:(76, 2), (29, 1), (69, 2), (66, 2), (84, 2), (71, 2), (13, 1), (89, 2), (28, 1), (73, 2), (41, 1), (17, 1), (36, 1), (65, 2), (61, 2), (15, 1), (70, 2), (48, 1), (46, 1), (79, 2), (44, 1), (49, 1), (53, 2), (72, 2), (56, 2), (78, 2), (58, 2), (35, 1), (3, 1), (77, 2), (98, 2), (5, 1), (80, 2), (87, 2), (94, 2), (62, 2), (52, 2), (59, 2), (12, 1), (14, 1), 
Generation 38:(34, 1), (90, 2), (87, 2), (62, 2), (0, 1), (94, 2), (33, 1), (48, 1), (39, 1), (31, 1), (26, 1), (66, 2), (77, 2), (9, 1), (82, 2), (40, 1), (69, 2), (56, 2), (85, 2), (61, 2), (57, 2), (70, 2), (79, 2), (51, 2), (74, 2), (13, 1), (36, 1), (63, 2), (45, 1), (23, 1), (88, 2), (96, 2), (1, 1), (65, 2), (54, 2), (4, 1), (24, 1), (67, 2), (75, 2), (68, 2), 
Generation 39:(36, 1), (22, 1), (26, 1), (76, 2), (47, 1), (86, 2), (18, 1), (82, 2), (4, 1), (69, 2), (14, 1), (63, 2), (66, 2), (73, 2), (2, 1), (87, 2), (79, 2), (53, 2), (9, 1), (1, 1), (98, 2), (49, 1), (60, 2), (3, 1), (38, 1), (59, 2), (91, 2), (20, 1), (90, 2), (44, 1), (19, 1), (24, 1), (56, 2), (23, 1), (80, 2), (42, 1), (55, 2), (72, 2), (34, 1), (11, 1), 
Generation 40:(16, 1), (61, 2), (48, 1), (6, 1), (7, 1), (53, 2), (66, 2), (23, 1), (42, 1), (76, 2), (12, 1), (37, 1), (38, 1), (74, 2), (17, 1), (97, 2), (15, 1), (13, 1), (86, 2), (19, 1), (75, 2), (94, 2), (11, 1), (78, 2), (55, 2), (1, 1), (77, 2), (29, 1), (22, 1), (27, 1), (28, 1), (91, 2), (87, 2), (31, 1), (49, 1), (96, 2), (79, 2), (10, 1), (9, 1), (52, 2), 
Generation 41:(37, 1), (74, 2), (25, 1), (59, 2), (72, 2), (49, 1), (54, 2), (20, 1), (24, 1), (13, 1), (32, 1), (69, 2), (28, 1), (65, 2), (83, 2), (39, 1), (87, 2), (63, 2), (84, 2), (55, 2), (14, 1), (91, 2), (15, 1), (77, 2), (96, 2), (95, 2), (81, 2), (82, 2), (7, 1), (16, 1), (86, 2), (11, 1), (66, 2), (67, 2), (79, 2), (23, 1), (64, 2), (38, 1), (46, 1), (53, 2), 
Generation 42:(92, 2), (32, 1), (76, 2), (41, 1), (96, 2), (87, 2), (7, 1), (69, 2), (5, 1), (61, 2), (74, 2), (21, 1), (8, 1), (94, 2), (18, 1), (47, 1), (85, 2), (49, 1), (86, 2), (26, 1), (64, 2), (29, 1), (1, 1), (66, 2), (19, 1), (28, 1), (65, 2), (30, 1), (24, 1), (22, 1), (17, 1), (58, 2), (43, 1), (39, 1), (82, 2), (67, 2), (83, 2), (12, 1), (3, 1), (35, 1), 
Generation 43:(36, 1), (30, 1), (12, 1), (55, 2), (62, 2), (29, 1), (50, 1), (74, 2), (14, 1), (33, 1), (8, 1), (45, 1), (4, 1), (43, 1), (34, 1), (73, 2), (47, 1), (19, 1), (91, 2), (46, 1), (97, 2), (21, 1), (69, 2), (15, 1), (78, 2), (75, 2), (61, 2), (23, 1), (28, 1), (92, 2), (37, 1), (82, 2), (39, 1), (56, 2), (51, 1), (18, 1), (87, 2), (67, 2), (25, 1), (80, 2), 
Generation 44:(37, 1), (35, 1), (36, 1), (21, 1), (88, 2), (78, 2), (97, 2), (80, 2), (38, 1), (66, 2), (92, 2), (42, 1), (91, 2), (60, 2), (22, 1), (81, 2), (34, 1), (95, 2), (17, 1), (62, 2), (28, 1), (83, 2), (14, 1), (1, 1), (84, 2), (4, 1), (29, 1), (82, 2), (13, 1), (32, 1), (8, 1), (20, 1), (5, 1), (99, 2), (43, 1), (9, 1), (61, 2), (96, 2), (79, 2), (48, 1), 
Generation 45:(50, 1), (73, 2), (35, 1), (2, 1), (27, 1), (28, 1), (74, 2), (75, 2), (95, 2), (26, 1), (56, 2), (64, 2), (80, 2), (69, 2), (70, 2), (71, 2), (33, 1), (99, 2), (0, 1), (58, 2), (60, 2), (17, 1), (15, 1), (93, 2), (90, 2), (67, 2), (79, 2), (72, 2), (44, 1), (11, 1), (34, 1), (3, 1), (68, 2), (51, 1), (59, 2), (94, 2), (86, 2), (30, 1), (97, 2), (39, 1), 
Generation 46:(21, 1), (65, 2), (98, 2), (1, 1), (45, 1), (10, 1), (34, 1), (13, 1), (15, 1), (31, 1), (40, 1), (51, 1), (7, 1), (11, 1), (86, 2), (29, 1), (75, 2), (39, 1), (78, 2), (55, 2), (89, 2), (20, 1), (94, 2), (28, 1), (4, 1), (93, 2), (52, 1), (50, 1), (80, 2), (33, 1), (22, 1), (14, 1), (68, 2), (41, 1), (35, 1), (63, 2), (82, 2), (49, 1), (27, 1), (64, 2), 
Generation 47:(20, 1), (73, 2), (92, 2), (11, 1), (37, 1), (46, 1), (56, 2), (36, 1), (43, 1), (91, 2), (79, 2), (57, 2), (87, 2), (78, 2), (94, 2), (86, 2), (4, 1), (76, 2), (42, 1), (12, 1), (99, 2), (31, 1), (7, 1), (13, 1), (83, 2), (53, 1), (10, 1), (48, 1), (98, 2), (38, 1), (67, 2), (84, 2), (59, 2), (9, 1), (75, 2), (68, 2), (97, 2), (24, 1), (32, 1), (88, 2), 
Generation 48:(20, 1), (41, 1), (26, 1), (99, 2), (70, 2), (42, 1), (56, 2), (40, 1), (25, 1), (49, 1), (27, 1), (28, 1), (46, 1), (78, 2), (90, 2), (73, 2), (14, 1), (58, 2), (36, 1), (2, 1), (71, 2), (17, 1), (21, 1), (4, 1), (32, 1), (24, 1), (62, 2), (3, 1), (82, 2), (9, 1), (63, 2), (79, 2), (37, 1), (50, 1), (77, 2), (57, 2), (86, 2), (59, 2), (5, 1), (96, 2), 
Generation 49:(87, 2), (75, 2), (86, 2), (69, 2), (24, 1), (45, 1), (50, 1), (55, 2), (38, 1), (48, 1), (19, 1), (47, 1), (27, 1), (3, 1), (57, 2), (8, 1), (73, 2), (80, 2), (2, 1), (67, 2), (98, 2), (40, 1), (21, 1), (25, 1), (78, 2), (18, 1), (14, 1), (90, 2), (11, 1), (77, 2), (31, 1), (95, 2), (4, 1), (36, 1), (66, 2), (7, 1), (10, 1), (6, 1), (30, 1), (81, 2), 
Generation 50:(95, 2), (70, 2), (81, 2), (32, 1), (16, 1), (92, 2), (46, 1), (26, 1), (54, 2), (73, 2), (62, 2), (87, 2), (86, 2), (71, 2), (49, 1), (6, 1), (85, 2), (33, 1), (15, 1), (76, 2), (25, 1), (68, 2), (8, 1), (90, 2), (35, 1), (5, 1), (29, 1), (21, 1), (38, 1), (91, 2), (84, 2), (77, 2), (82, 2), (88, 2), (17, 1), (23, 1), (50, 1), (78, 2), (51, 1), (9, 1), 
Generation 51:(10, 1), (78, 2), (21, 1), (63, 2), (61, 2), (50, 1), (16, 1), (13, 1), (64, 2), (27, 1), (57, 2), (1, 1), (55, 2), (18, 1), (38, 1), (92, 2), (39, 1), (4, 1), (68, 2), (62, 2), (24, 1), (98, 2), (23, 1), (84, 2), (48, 1), (91, 2), (42, 1), (65, 2), (8, 1), (79, 2), (89, 2), (73, 2), (71, 2), (7, 1), (95, 2), (15, 1), (17, 1), (49, 1), (32, 1), (14, 1), 
Generation 52:(29, 1), (87, 2), (82, 2), (78, 2), (68, 2), (67, 2), (2, 1), (63, 2), (15, 1), (91, 2), (80, 2), (46, 1), (56, 2), (3, 1), (99, 2), (92, 2), (71, 2), (12, 1), (32, 1), (33, 1), (72, 2), (59, 2), (84, 2), (61, 2), (98, 2), (47, 1), (6, 1), (76, 2), (5, 1), (97, 2), (30, 1), (70, 2), (7, 1), (94, 2), (83, 2), (75, 2), (35, 1), (39, 1), (37, 1), (13, 1), 
Generation 53:(29, 1), (12, 1), (95, 2), (73, 2), (23, 1), (37, 1), (41, 1), (19, 1), (87, 2), (98, 2), (2, 1), (91, 2), (4, 1), (70, 2), (42, 1), (20, 1), (16, 1), (10, 1), (81, 2), (58, 2), (69, 2), (48, 1), (26, 1), (11, 1), (28, 1), (8, 1), (78, 2), (62, 2), (55, 2), (67, 2), (50, 1), (45, 1), (86, 2), (39, 1), (94, 2), (21, 1), (46, 1), (77, 2), (71, 2), (15, 1), 
Generation 54:(29, 1), (70, 2), (7, 1), (10, 1), (35, 1), (86, 2), (98, 2), (44, 1), (76, 2), (94, 2), (52, 1), (30, 1), (32, 1), (34, 1), (81, 2), (36, 1), (55, 2), (87, 2), (51, 1), (67, 2), (92, 2), (90, 2), (47, 1), (88, 2), (11, 1), (78, 2), (27, 1), (89, 2), (59, 2), (42, 1), (18, 1), (71, 2), (72, 2), (22, 1), (46, 1), (15, 1), (17, 1), (96, 2), (43, 1), (99, 2), 
Generation 55:(56, 2), (31, 1), (39, 1), (5, 1), (62, 2), (28, 1), (8, 1), (63, 2), (82, 2), (65, 2), (49, 1), (6, 1), (13, 1), (11, 1), (83, 2), (95, 2), (35, 1), (60, 2), (51, 1), (20, 1), (46, 1), (99, 2), (76, 2), (45, 1), (69, 2), (18, 1), (37, 1), (64, 2), (55, 2), (87, 2), (19, 1), (97, 2), (1, 1), (2, 1), (15, 1), (70, 2), (14, 1), (80, 2), (27, 1), (53, 1), 
Generation 56:(83, 2), (63, 2), (53, 1), (15, 1), (50, 1), (1, 1), (80, 2), (34, 1), (78, 2), (74, 2), (30, 1), (48, 1), (4, 1), (89, 2), (42, 1), (13, 1), (41, 1), (91, 2), (96, 2), (18, 1), (28, 1), (31, 1), (64, 2), (22, 1), (45, 1), (47, 1), (46, 1), (60, 2), (36, 1), (75, 2), (92, 2), (51, 1), (49, 1), (67, 2), (69, 2), (71, 2), (68, 2), (59, 2), (32, 1), (61, 2), 
Generation 57:(72, 2), (62, 2), (73, 2), (87, 2), (4, 1), (20, 1), (88, 2), (51, 1), (9, 1), (94, 2), (81, 2), (78, 2), (74, 2), (40, 1), (5, 1), (63, 2), (34, 1), (55, 1), (84, 2), (1, 1), (8, 1), (49, 1), (26, 1), (15, 1), (98, 2), (31, 1), (77, 2), (65, 2), (61, 2), (97, 2), (39, 1), (23, 1), (66, 2), (92, 2), (76, 2), (33, 1), (90, 2), (29, 1), (22, 1), (28, 1), 
Generation 58:(84, 2), (23, 1), (74, 2), (14, 1), (34, 1), (70, 2), (12, 1), (83, 2), (26, 1), (8, 1), (21, 1), (32, 1), (1, 1), (77, 2), (24, 1), (61, 2), (92, 2), (35, 1), (4, 1), (10, 1), (93, 2), (3, 1), (2, 1), (82, 2), (96, 2), (51, 1), (60, 2), (99, 2), (63, 2), (18, 1), (47, 1), (30, 1), (87, 2), (16, 1), (81, 2), (33, 1), (28, 1), (31, 1), (86, 2), (7, 1), 
Generation 59:(63, 2), (80, 2), (93, 2), (6, 1), (12, 1), (30, 1), (85, 2), (27, 1), (54, 1), (86, 2), (48, 1), (70, 2), (28, 1), (39, 1), (87, 2), (40, 1), (37, 1), (82, 2), (42, 1), (57, 2), (43, 1), (3, 1), (89, 2), (77, 2), (5, 1), (60, 2), (66, 2), (22, 1), (35, 1), (11, 1), (59, 2), (64, 2), (91, 2), (1, 1), (24, 1), (44, 1), (13, 1), (4, 1), (56, 2), (0, 1), 
Generation 60:(86, 2), (13, 1), (43, 1), (82, 2), (53, 1), (34, 1), (75, 2), (37, 1), (85, 2), (38, 1), (73, 2), (3, 1), (35, 1), (18, 1), (41, 1), (16, 1), (76, 2), (66, 2), (97, 2), (6, 1), (1, 1), (74, 2), (11, 1), (78, 2), (4, 1), (9, 1), (12, 1), (39, 1), (33, 1), (62, 2), (52, 1), (14, 1), (83, 2), (67, 2), (99, 2), (5, 1), (30, 1), (19, 1), (60, 2), (91, 2), 
Generation 61:(60, 2), (33, 1), (54, 1), (87, 2), (99, 2), (70, 2), (51, 1), (95, 2), (86, 2), (40, 1), (0, 1), (97, 2), (50, 1), (18, 1), (38, 1), (78, 2), (28, 1), (12, 1), (56, 1), (15, 1), (21, 1), (74, 2), (5, 1), (77, 2), (92, 2), (14, 1), (11, 1), (25, 1), (24, 1), (49, 1), (46, 1), (94, 2), (37, 1), (84, 2), (41, 1), (71, 2), (1, 1), (20, 1), (43, 1), (10, 1), 
Generation 62:(69, 2), (72, 2), (68, 2), (90, 2), (9, 1), (98, 2), (34, 1), (4, 1), (32, 1), (29, 1), (27, 1), (85, 2), (55, 1), (52, 1), (25, 1), (57, 1), (62, 2), (14, 1), (61, 2), (45, 1), (50, 1), (12, 1), (13, 1), (23, 1), (47, 1), (22, 1), (73, 2), (99, 2), (83, 2), (48, 1), (89, 2), (6, 1), (15, 1), (63, 2), (60, 2), (30, 1), (82, 2), (26, 1), (35, 1), (88, 2), 
Generation 63:(67, 2), (73, 2), (23, 1), (7, 1), (55, 1), (63, 2), (48, 1), (36, 1), (49, 1), (32, 1), (46, 1), (19, 1), (65, 2), (5, 1), (91, 2), (56, 1), (44, 1), (10, 1), (76, 2), (78, 2), (21, 1), (51, 1), (0, 1), (85, 2), (62, 2), (96, 2), (88, 2), (35, 1), (75, 2), (97, 2), (30, 1), (26, 1), (50, 1), (12, 1), (1, 1), (57, 1), (95, 2), (24, 1), (8, 1), (70, 2), 
Generation 64:(91, 2), (3, 1), (55, 1), (23, 1), (11, 1), (88, 2), (90, 2), (77, 2), (30, 1), (1, 1), (32, 1), (37, 1), (7, 1), (98, 2), (47, 1), (34, 1), (94, 2), (10, 1), (96, 2), (65, 2), (40, 1), (82, 2), (86, 2), (62, 2), (41, 1), (43, 1), (84, 2), (42, 1), (20, 1), (70, 2), (16, 1), (8, 1), (54, 1), (78, 2), (38, 1), (35, 1), (69, 2), (81, 2), (53, 1), (39, 1), 
Generation 65:(54, 1), (85, 2), (29, 1), (91, 2), (8, 1), (39, 1), (97, 2), (15, 1), (9, 1), (72, 2), (82, 2), (50, 1), (51, 1), (35, 1), (46, 1), (79, 2), (11, 1), (2, 1), (14, 1), (88, 2), (57, 1), (56, 1), (12, 1), (93, 2), (99, 2), (45, 1), (62, 2), (77, 2), (94, 2), (24, 1), (65, 2), (42, 1), (17, 1), (5, 1), (3, 1), (27, 1), (60, 2), (69, 2), (25, 1), (43, 1), 
Generation 66:(63, 2), (24, 1), (80, 2), (58, 1), (65, 2), (29, 1), (7, 1), (84, 2), (97, 2), (50, 1), (44, 1), (83, 2), (14, 1), (22, 1), (0, 1), (69, 2), (73, 2), (55, 1), (70, 2), (25, 1), (68, 2), (11, 1), (61, 2), (76, 2), (72, 2), (45, 1), (49, 1), (75, 2), (10, 1), (17, 1), (67, 2), (33, 1), (9, 1), (74, 2), (34, 1), (15, 1), (85, 2), (4, 1), (62, 2), (82, 2), 
Generation 67:(78, 2), (5, 1), (96, 2), (12, 1), (58, 1), (27, 1), (15, 1), (55, 1), (37, 1), (22, 1), (46, 1), (87, 2), (40, 1), (88, 2), (62, 2), (26, 1), (24, 1), (61, 2), (9, 1), (25, 1), (93, 2), (47, 1), (51, 1), (30, 1), (90, 2), (98, 2), (32, 1), (66, 2), (86, 2), (81, 2), (75, 2), (7, 1), (76, 2), (35, 1), (83, 2), (60, 2), (14, 1), (73, 2), (84, 2), (17, 1), 
Generation 68:(0, 1), (33, 1), (67, 2), (5, 1), (98, 2), (44, 1), (7, 1), (91, 2), (53, 1), (63, 2), (34, 1), (25, 1), (41, 1), (4, 1), (72, 2), (2, 1), (82, 2), (17, 1), (47, 1), (16, 1), (11, 1), (26, 1), (14, 1), (66, 2), (65, 2), (35, 1), (3, 1), (94, 2), (61, 2), (36, 1), (79, 2), (68, 2), (23, 1), (93, 2), (89, 2), (10, 1), (57, 1), (76, 2), (71, 2), (24, 1), 
Generation 69:(92, 2), (83, 2), (33, 1), (20, 1), (65, 2), (94, 2), (56, 1), (4, 1), (55, 1), (78, 2), (34, 1), (13, 1), (8, 1), (25, 1), (93, 2), (60, 2), (63, 2), (74, 2), (72, 2), (18, 1), (30, 1), (19, 1), (53, 1), (6, 1), (31, 1), (1, 1), (88, 2), (75, 2), (27, 1), (84, 2), (12, 1), (3, 1), (76, 2), (39, 1), (52, 1), (70, 2), (51, 1), (17, 1), (42, 1), (96, 2), 
Generation 70:(42, 1), (46, 1), (28, 1), (85, 2), (68, 2), (72, 2), (41, 1), (88, 2), (92, 2), (75, 2), (22, 1), (33, 1), (8, 1), (82, 2), (52, 1), (78, 2), (60, 2), (18, 1), (39, 1), (20, 1), (66, 2), (83, 2), (70, 2), (65, 2), (11, 1), (71, 2), (49, 1), (17, 1), (94, 2), (53, 1), (80, 2), (91, 2), (30, 1), (54, 1), (6, 1), (12, 1), (67, 2), (36, 1), (56, 1), (63, 2), 
Generation 71:(37, 1), (75, 2), (15, 1), (35, 1), (30, 1), (98, 2), (26, 1), (54, 1), (52, 1), (85, 2), (49, 1), (12, 1), (24, 1), (67, 2), (76, 2), (86, 2), (96, 2), (16, 1), (14, 1), (41, 1), (50, 1), (42, 1), (19, 1), (90, 2), (31, 1), (63, 2), (23, 1), (7, 1), (68, 2), (20, 1), (13, 1), (17, 1), (92, 2), (78, 2), (45, 1), (84, 2), (36, 1), (73, 2), (72, 2), (22, 1), 
Generation 72:(88, 2), (46, 1), (13, 1), (38, 1), (41, 1), (91, 2), (9, 1), (65, 2), (82, 2), (72, 2), (75, 2), (48, 1), (60, 2), (85, 2), (78, 2), (87, 2), (24, 1), (67, 2), (22, 1), (37, 1), (19, 1), (40, 1), (45, 1), (99, 2), (63, 2), (94, 2), (25, 1), (11, 1), (96, 2), (7, 1), (26, 1), (66, 2), (42, 1), (80, 2), (89, 2), (83, 2), (0, 1), (51, 1), (29, 1), (3, 1), 
Generation 73:(53, 1), (49, 1), (52, 1), (47, 1), (4, 1), (96, 2), (25, 1), (48, 1), (6, 1), (5, 1), (11, 1), (23, 1), (19, 1), (40, 1), (93, 2), (70, 2), (91, 2), (98, 2), (90, 2), (33, 1), (99, 2), (69, 2), (16, 1), (62, 2), (27, 1), (42, 1), (54, 1), (1, 1), (8, 1), (3, 1), (58, 2), (43, 1), (76, 2), (97, 2), (67, 2), (94, 2), (36, 1), (21, 1), (78, 2), (15, 1), 
Generation 74:(91, 2), (26, 1), (93, 2), (46, 1), (51, 1), (72, 2), (13, 1), (79, 2), (94, 2), (44, 1), (89, 2), (98, 2), (36, 1), (67, 2), (14, 1), (34, 1), (49, 1), (52, 1), (40, 1), (41, 1), (92, 2), (35, 1), (33, 1), (62, 2), (97, 2), (29, 1), (71, 2), (54, 1), (59, 2), (31, 1), (39, 1), (48, 1), (22, 1), (4, 1), (47, 1), (50, 1), (70, 2), (2, 1), (77, 2), (32, 1), 
Generation 75:(99, 2), (30, 1), (39, 1), (43, 1), (41, 1), (33, 1), (37, 1), (12, 1), (20, 1), (38, 1), (96, 2), (52, 1), (36, 1), (32, 1), (75, 2), (91, 2), (62, 2), (92, 2), (31, 1), (95, 2), (6, 1), (25, 1), (66, 2), (5, 1), (65, 2), (61, 2), (68, 2), (54, 1), (64, 2), (67, 2), (79, 2), (28, 1), (77, 2), (53, 1), (84, 2), (82, 2), (55, 1), (16, 1), (86, 2), (45, 1), 
Generation 76:(22, 1), (65, 2), (41, 1), (2, 1), (8, 1), (35, 1), (88, 2), (68, 2), (89, 2), (98, 2), (60, 2), (34, 1), (18, 1), (23, 1), (21, 1), (76, 2), (15, 1), (16, 1), (84, 2), (61, 2), (5, 1), (17, 1), (44, 1), (77, 2), (31, 1), (90, 2), (6, 1), (80, 2), (67, 2), (74, 2), (36, 1), (11, 1), (50, 1), (79, 2), (33, 1), (1, 1), (73, 2), (38, 1), (4, 1), (72, 2), 
Generation 77:(25, 1), (61, 2), (28, 1), (91, 2), (68, 2), (60, 2), (18, 1), (76, 2), (4, 1), (12, 1), (16, 1), (72, 2), (84, 2), (62, 2), (87, 2), (42, 1), (89, 2), (90, 2), (86, 2), (1, 1), (70, 2), (56, 2), (77, 2), (38, 1), (32, 1), (93, 2), (65, 2), (83, 2), (64, 2), (52, 1), (88, 2), (63, 2), (26, 1), (46, 1), (94, 2), (92, 2), (13, 1), (96, 2), (74, 2), (21, 1), 
Generation 78:(3, 1), (68, 2), (99, 2), (82, 2), (22, 1), (70, 2), (1, 1), (95, 2), (83, 2), (96, 2), (45, 1), (37, 1), (90, 2), (85, 2), (46, 1), (24, 1), (76, 2), (30, 1), (47, 1), (18, 1), (14, 1), (94, 2), (57, 2), (62, 2), (78, 2), (19, 1), (92, 2), (88, 2), (34, 1), (15, 1), (50, 1), (25, 1), (32, 1), (21, 1), (63, 2), (91, 2), (98, 2), (53, 1), (93, 2), (29, 1), 
Generation 79:(52, 1), (64, 2), (18, 1), (89, 2), (56, 2), (10, 1), (72, 2), (23, 1), (71, 2), (87, 2), (70, 2), (62, 2), (78, 2), (4, 1), (85, 2), (95, 2), (66, 2), (50, 1), (3, 1), (42, 1), (98, 2), (84, 2), (36, 1), (9, 1), (86, 2), (45, 1), (49, 1), (25, 1), (73, 2), (47, 1), (11, 1), (14, 1), (83, 2), (32, 1), (38, 1), (88, 2), (53, 1), (21, 1), (30, 1), (0, 1), 
Generation 80:(80, 2), (17, 1), (1, 1), (87, 2), (89, 2), (69, 2), (63, 2), (95, 2), (32, 1), (14, 1), (84, 2), (92, 2), (49, 1), (83, 2), (16, 1), (94, 2), (82, 2), (72, 2), (50, 1), (65, 2), (68, 2), (64, 2), (12, 1), (56, 2), (27, 1), (76, 2), (77, 2), (18, 1), (46, 1), (20, 1), (79, 2), (30, 1), (62, 2), (15, 1), (2, 1), (61, 2), (0, 1), (39, 1), (38, 1), (52, 1), 
Generation 81:(77, 2), (39, 1), (37, 1), (65, 2), (43, 1), (21, 1), (0, 1), (79, 2), (24, 1), (72, 2), (35, 1), (10, 1), (75, 2), (49, 1), (50, 1), (42, 1), (3, 1), (58, 2), (14, 1), (34, 1), (61, 2), (91, 2), (98, 2), (8, 1), (28, 1), (11, 1), (83, 2), (19, 1), (48, 1), (85, 2), (93, 2), (80, 2), (99, 2), (78, 2), (17, 1), (2, 1), (5, 1), (84, 2), (55, 2), (1, 1), 
Generation 82:(31, 1), (72, 2), (1, 1), (39, 1), (67, 2), (3, 1), (2, 1), (15, 1), (0, 1), (80, 2), (82, 2), (5, 1), (10, 1), (89, 2), (92, 2), (71, 2), (84, 2), (43, 1), (56, 2), (36, 1), (37, 1), (81, 2), (11, 1), (60, 2), (63, 2), (68, 2), (20, 1), (25, 1), (38, 1), (69, 2), (97, 2), (9, 1), (73, 2), (83, 2), (19, 1), (90, 2), (14, 1), (13, 1), (30, 1), (46, 1), 
Generation 83:(15, 1), (57, 2), (80, 2), (33, 1), (14, 1), (68, 2), (30, 1), (25, 1), (27, 1), (56, 2), (66, 2), (83, 2), (96, 2), (10, 1), (72, 2), (42, 1), (69, 2), (21, 1), (48, 1), (19, 1), (99, 2), (95, 2), (40, 1), (58, 2), (26, 1), (47, 1), (28, 1), (86, 2), (81, 2), (61, 2), (53, 2), (78, 2), (90, 2), (35, 1), (12, 1), (76, 2), (67, 2), (45, 1), (39, 1), (8, 1), 
Generation 84:(52, 2), (12, 1), (7, 1), (96, 2), (25, 1), (49, 1), (48, 1), (92, 2), (35, 1), (11, 1), (85, 2), (99, 2), (54, 2), (34, 1), (19, 1), (97, 2), (88, 2), (18, 1), (43, 1), (37, 1), (17, 1), (36, 1), (89, 2), (9, 1), (38, 1), (66, 2), (0, 1), (93, 2), (87, 2), (53, 2), (84, 2), (26, 1), (75, 2), (13, 1), (27, 1), (15, 1), (74, 2), (81, 2), (20, 1), (56, 2), 
Generation 85:(10, 1), (95, 2), (85, 2), (33, 1), (60, 2), (8, 1), (14, 1), (70, 2), (77, 2), (22, 1), (29, 1), (71, 2), (73, 2), (89, 2), (41, 1), (53, 2), (94, 2), (0, 1), (82, 2), (12, 1), (3, 1), (4, 1), (64, 2), (68, 2), (57, 2), (18, 1), (59, 2), (87, 2), (63, 2), (6, 1), (37, 1), (17, 1), (42, 1), (31, 1), (35, 1), (13, 1), (84, 2), (96, 2), (69, 2), (97, 2), 
Generation 86:(64, 2), (22, 1), (63, 2), (27, 1), (30, 1), (86, 2), (77, 2), (98, 2), (94, 2), (18, 1), (44, 1), (20, 1), (70, 2), (43, 1), (11, 1), (81, 2), (89, 2), (84, 2), (7, 1), (82, 2), (24, 1), (71, 2), (31, 1), (10, 1), (91, 2), (59, 2), (26, 1), (95, 2), (9, 1), (19, 1), (58, 2), (29, 1), (96, 2), (41, 1), (2, 1), (45, 1), (28, 1), (14, 1), (92, 2), (99, 2), 
Generation 87:(4, 1), (50, 1), (40, 1), (37, 1), (30, 1), (36, 1), (72, 2), (87, 2), (43, 1), (20, 1), (65, 2), (59, 2), (46, 1), (25, 1), (31, 1), (53, 2), (83, 2), (57, 2), (15, 1), (8, 1), (81, 2), (19, 1), (11, 1), (56, 2), (70, 2), (96, 2), (16, 1), (93, 2), (67, 2), (97, 2), (32, 1), (88, 2), (34, 1), (54, 2), (41, 1), (69, 2), (1, 1), (10, 1), (92, 2), (61, 2), 
Generation 88:(80, 2), (75, 2), (59, 2), (64, 2), (32, 1), (47, 1), (76, 2), (21, 1), (83, 2), (99, 2), (60, 2), (71, 2), (42, 1), (73, 2), (30, 1), (58, 2), (13, 1), (55, 2), (92, 2), (24, 1), (90, 2), (19, 1), (63, 2), (31, 1), (45, 1), (68, 2), (38, 1), (37, 1), (7, 1), (41, 1), (62, 2), (27, 1), (88, 2), (81, 2), (9, 1), (87, 2), (28, 1), (15, 1), (98, 2), (4, 1), 
Generation 89:(7, 1), (78, 2), (21, 1), (32, 1), (26, 1), (86, 2), (87, 2), (8, 1), (42, 1), (38, 1), (29, 1), (71, 2), (40, 1), (25, 1), (16, 1), (34, 1), (28, 1), (22, 1), (61, 2), (45, 1), (73, 2), (53, 2), (88, 2), (62, 2), (44, 1), (9, 1), (19, 1), (98, 2), (84, 2), (0, 1), (58, 2), (65, 2), (54, 2), (12, 1), (75, 2), (13, 1), (68, 2), (55, 2), (99, 2), (67, 2), 
Generation 90:(95, 2), (37, 1), (15, 1), (80, 2), (69, 2), (20, 1), (76, 2), (58, 2), (73, 2), (5, 1), (64, 2), (11, 1), (87, 2), (52, 2), (59, 2), (41, 1), (39, 1), (86, 2), (45, 1), (82, 2), (23, 1), (12, 1), (40, 1), (1, 1), (55, 2), (91, 2), (4, 1), (56, 2), (31, 1), (42, 1), (51, 2), (98, 2), (63, 2), (50, 2), (57, 2), (97, 2), (3, 1), (46, 1), (65, 2), (34, 1), 
Generation 91:(85, 2), (2, 1), (24, 1), (69, 2), (26, 1), (33, 1), (12, 1), (22, 1), (27, 1), (38, 1), (75, 2), (92, 2), (66, 2), (56, 2), (70, 2), (28, 1), (9, 1), (53, 2), (91, 2), (98, 2), (16, 1), (6, 1), (89, 2), (94, 2), (47, 1), (41, 1), (79, 2), (64, 2), (34, 1), (90, 2), (83, 2), (17, 1), (77, 2), (21, 1), (5, 1), (51, 2), (95, 2), (1, 1), (44, 1), (31, 1), 
Generation 92:(92, 2), (52, 2), (1, 1), (59, 2), (99, 2), (2, 1), (17, 1), (79, 2), (50, 2), (27, 1), (53, 2), (12, 1), (88, 2), (28, 1), (67, 2), (26, 1), (33, 1), (56, 2), (98, 2), (35, 1), (18, 1), (29, 1), (55, 2), (62, 2), (24, 1), (9, 1), (15, 1), (61, 2), (16, 1), (7, 1), (58, 2), (20, 1), (21, 1), (43, 1), (70, 2), (68, 2), (86, 2), (72, 2), (71, 2), (41, 1), 
Generation 93:(12, 1), (95, 2), (78, 2), (51, 2), (0, 1), (8, 1), (96, 2), (99, 2), (13, 1), (11, 1), (29, 1), (71, 2), (90, 2), (23, 1), (93, 2), (85, 2), (1, 1), (87, 2), (50, 2), (2, 1), (18, 1), (32, 1), (86, 2), (84, 2), (91, 2), (6, 1), (19, 1), (26, 1), (98, 2), (65, 2), (7, 1), (82, 2), (61, 2), (37, 1), (72, 2), (97, 2), (53, 2), (66, 2), (73, 2), (25, 1), 
Generation 94:(60, 2), (11, 1), (31, 1), (96, 2), (49, 2), (39, 1), (6, 1), (64, 2), (68, 2), (18, 1), (24, 1), (65, 2), (86, 2), (81, 2), (17, 1), (83, 2), (45, 2), (98, 2), (94, 2), (53, 2), (50, 2), (73, 2), (52, 2), (77, 2), (92, 2), (51, 2), (55, 2), (54, 2), (27, 1), (69, 2), (58, 2), (23, 1), (5, 1), (93, 2), (20, 1), (75, 2), (80, 2), (1, 1), (35, 1), (33, 1), 
Generation 95:(24, 1), (77, 2), (9, 1), (7, 1), (83, 2), (91, 2), (95, 2), (2, 1), (27, 1), (41, 1), (13, 1), (80, 2), (19, 1), (31, 1), (96, 2), (6, 1), (74, 2), (85, 2), (55, 2), (71, 2), (61, 2), (94, 2), (90, 2), (54, 2), (75, 2), (10, 1), (68, 2), (99, 2), (67, 2), (1, 1), (69, 2), (86, 2), (43, 2), (33, 1), (38, 1), (26, 1), (25, 1), (88, 2), (64, 2), (49, 2), 
Generation 96:(43, 2), (16, 1), (27, 1), (30, 1), (7, 1), (35, 1), (60, 2), (58, 2), (99, 2), (37, 1), (83, 2), (68, 2), (63, 2), (15, 1), (34, 1), (82, 2), (56, 2), (6, 1), (53, 2), (64, 2), (97, 2), (24, 1), (41, 1), (44, 2), (32, 1), (62, 2), (31, 1), (13, 1), (94, 2), (81, 2), (66, 2), (57, 2), (69, 2), (80, 2), (2, 1), (39, 1), (79, 2), (85, 2), (18, 1), (88, 2), 
Generation 97:(94, 2), (34, 1), (20, 1), (22, 1), (9, 1), (16, 1), (23, 1), (56, 2), (24, 1), (77, 2), (97, 2), (27, 1), (19, 1), (28, 1), (36, 1), (45, 2), (83, 2), (2, 1), (53, 2), (18, 1), (98, 2), (44, 2), (57, 2), (99, 2), (33, 1), (61, 2), (15, 1), (30, 1), (26, 1), (48, 2), (40, 1), (93, 2), (85, 2), (66, 2), (43, 2), (35, 1), (78, 2), (10, 1), (68, 2), (3, 1), 
Generation 98:(7, 1), (29, 1), (28, 1), (2, 1), (59, 2), (74, 2), (26, 1), (5, 1), (75, 2), (67, 2), (35, 1), (64, 2), (18, 1), (39, 1), (81, 2), (79, 2), (53, 2), (47, 2), (42, 2), (10, 1), (24, 1), (65, 2), (71, 2), (36, 1), (19, 1), (37, 1), (44, 2), (57, 2), (52, 2), (45, 2), (46, 2), (4, 1), (61, 2), (3, 1), (17, 1), (82, 2), (20, 1), (77, 2), (88, 2), (51, 2), 
Generation 99:(69, 2), (91, 2), (83, 2), (11, 1), (31, 1), (49, 2), (80, 2), (59, 2), (20, 1), (47, 2), (32, 1), (94, 2), (17, 1), (50, 2), (81, 2), (40, 1), (4, 1), (23, 1), (71, 2), (52, 2), (96, 2), (60, 2), (68, 2), (42, 2), (57, 2), (26, 1), (6, 1), (33, 1), (77, 2), (62, 2), (37, 1), (27, 1), (78, 2), (84, 2), (73, 2), (66, 2), (22, 1), (55, 2), (16, 1), (65, 2), 
Generation 100:(4, 1), (76, 2), (85, 2), (32, 1), (20, 1), (61, 2), (52, 2), (10, 1), (21, 1), (24, 1), (14, 1), (3, 1), (69, 2), (64, 2), (28, 1), (67, 2), (88, 2), (95, 2), (80, 2), (47, 2), (62, 2), (94, 2), (73, 2), (45, 2), (31, 1), (0, 1), (83, 2), (1, 1), (30, 1), (36, 1), (74, 2), (35, 1), (72, 2), (15, 1), (92, 2), (97, 2), (29, 1), (53, 2), (9, 1), (27, 1), 
Generation 101: