Generation 0:
Generation 1:(31, 1), (5, 1), (82, 2), (89, 2), (32, 1), (67, 2), (52, 2), (20, 1), (19, 1), (44, 1), (16, 1), (90, 2), (76, 2), (75, 2), (39, 1), (21, 1), (14, 1), (91, 2), (6, 1), (59, 2), (3, 1), (72, 2), (38, 1), (87, 2), (63, 2), (68, 2), (79, 2), (37, 1), (34, 1), (51, 2), (99, 2), (69, 2), (4, 1), (42, 1), (73, 2), (28, 1), (43, 1), (94, 2), (29, 1), (46, 1), 
Generation 2:(60, 2), (82, 2), (72, 2), (75, 2), (58, 2), (57, 2), (85, 2), (16, 1), (27, 1), (56, 2), (65, 2), (11, 1), (66, 2), (28, 1), (26, 1), (38, 1), (96, 2), (23, 1), (33, 1), (41, 1), (40, 1), (90, 2), (24, 1), (1, 1), (14, 1), (92, 2), (80, 2), (83, 2), (79, 2), (35, 1), (78, 2), (68, 2), (71, 2), (87, 2), (69, 2), (86, 2), (5, 1), (97, 2), (94, 2), (0, 1), 
Generation 3:(86, 2), (83, 2), (21, 1), (29, 1), (62, 2), (30, 1), (52, 2), (64, 2), (23, 1), (65, 2), (90, 2), (69, 2), (85, 2), (93, 2), (12, 1), (84, 2), (7, 1), (16, 1), (11, 1), (13, 1), (28, 1), (2, 1), (9, 1), (4, 1), (24, 1), (22, 1), (6, 1), (61, 2), (82, 2), (57, 2), (99, 2), (87, 2), (97, 2), (27, 1), (14, 1), (88, 2), (63, 2), (71, 2), (59, 2), (73, 2), 
Generation 4:(47, 2), (73, 2), (71, 2), (87, 2), (90, 2), (95, 2), (28, 1), (68, 2), (48, 2), (3, 1), (60, 2), (83, 2), (25, 1), (96, 2), (63, 2), (20, 1), (18, 1), (17, 1), (5, 1), (9, 1), (23, 1), (76, 2), (62, 2), (89, 2), (31, 1), (52, 2), (70, 2), (69, 2), (16, 1), (84, 2), (4, 1), (0, 1), (57, 2), (21, 1), (98, 2), (78, 2), (2, 1), (55, 2), (97, 2), (22, 1), 
Generation 5:(72, 2), (65, 2), (12, 1), (42, 2), (7, 1), (43, 2), (2, 1), (63, 2), (14, 1), (87, 2), (50, 2), (4, 1), (68, 2), (76, 2), (66, 2), (24, 1), (13, 1), (8, 1), (95, 2), (88, 2), (70, 2), (52, 2), (20, 1), (27, 1), (77, 2), (9, 1), (97, 2), (58, 2), (46, 2), (54, 2), (84, 2), (26, 1), (67, 2), (85, 2), (11, 1), (0, 1), (47, 2), (56, 2), (25, 1), (75, 2), 
Generation 6:(64, 2), (1, 1), (68, 2), (93, 2), (66, 2), (67, 2), (78, 2), (77, 2), (0, 1), (21, 1), (55, 2), (87, 2), (73, 2), (17, 1), (69, 2), (97, 2), (52, 2), (76, 2), (58, 2), (56, 2), (12, 1), (54, 2), (79, 2), (43, 2), (61, 2), (47, 2), (48, 2), (92, 2), (57, 2), (8, 1), (38, 2), (75, 2), (41, 2), (71, 2), (98, 2), (90, 2), (74, 2), (86, 2), (62, 2), (51, 2), 
Generation 7:(42, 2), (86, 2), (83, 2), (88, 2), (51, 2), (37, 2), (36, 2), (61, 2), (56, 2), (46, 2), (70, 2), (3, 1), (97, 2), (0, 1), (72, 2), (27, 2), (84, 2), (92, 2), (2, 1), (28, 2), (43, 2), (30, 2), (81, 2), (25, 2), (66, 2), (80, 2), (45, 2), (65, 2), (90, 2), (5, 1), (98, 2), (79, 2), (95, 2), (31, 2), (75, 2), (71, 2), (52, 2), (76, 2), (34, 2), (96, 2), 
Generation 8:(44, 2), (99, 2), (11, 2), (94, 2), (49, 2), (31, 2), (72, 2), (58, 2), (82, 2), (24, 2), (14, 2), (74, 2), (59, 2), (81, 2), (60, 2), (95, 2), (68, 2), (47, 2), (1, 2), (92, 2), (32, 2), (16, 2), (71, 2), (63, 2), (51, 2), (66, 2), (36, 2), (55, 2), (96, 2), (86, 2), (70, 2), (69, 2), (4, 2), (18, 2), (64, 2), (25, 2), (89, 2), (65, 2), (97, 2), (17, 2), 
Generation 9:(73, 1), (28, 1), (13, 1), (78, 1), (90, 1), (41, 1), (71, 1), (26, 1), (77, 1), (58, 1), (39, 1), (10, 1), (52, 1), (35, 1), (85, 1), (89, 1), (63, 1), (47, 1), (88, 1), (84, 1), (24, 1), (15, 1), (76, 1), (6, 1), (51, 1), (53, 1), (12, 1), (16, 1), (92, 1), (36, 1), (57, 1), (49, 1), (68, 1), (21, 1), (86, 1), (91, 1), (67, 1), (69, 1), (22, 1), (56, 1), 
Generation 10:(10, 1), (16, 1), (54, 1), (26, 1), (80, 1), (68, 1), (13, 1), (47, 1), (29, 1), (48, 1), (52, 1), (72, 1), (22, 1), (94, 1), (83, 1), (65, 1), (67, 1), (21, 1), (43, 1), (76, 1), (75, 1), (28, 1), (37, 1), (33, 1), (20, 1), (99, 1), (12, 1), (17, 1), (46, 1), (42, 1), (19, 1), (81, 1), (58, 1), (63, 1), (32, 1), (9, 1), (69, 1), (56, 1), (79, 1), (7, 1), 
Generation 11:(43, 1), (13, 1), (51, 1), (15, 1), (72, 1), (7, 1), (53, 1), (68, 1), (22, 1), (87, 1), (9, 1), (41, 1), (75, 1), (46, 1), (14, 1), (57, 1), (24, 1), (69, 1), (32, 1), (78, 1), (29, 1), (6, 1), (92, 1), (63, 1), (91, 1), (21, 1), (16, 1), (93, 1), (90, 1), (48, 1), (62, 1), (58, 1), (74, 1), (36, 1), (82, 1), (49, 1), (27, 1), (45, 1), (79, 1), (31, 1), 
Generation 12:(34, 1), (20, 1), (32, 1), (85, 1), (59, 1), (61, 1), (6, 1), (11, 1), (28, 1), (79, 1), (94, 1), (91, 1), (15, 1), (99, 1), (98, 1), (71, 1), (93, 1), (77, 1), (88, 1), (31, 1), (19, 1), (81, 1), (41, 1), (75, 1), (13, 1), (68, 1), (50, 1), (63, 1), (38, 1), (25, 1), (8, 1), (66, 1), (87, 1), (17, 1), (69, 1), (53, 1), (64, 1), (23, 1), (18, 1), (12, 1), 
Generation 13:(67, 1), (13, 1), (97, 1), (37, 1), (17, 1), (71, 1), (59, 1), (99, 1), (82, 1), (41, 1), (12, 1), (60, 1), (53, 1), (46, 1), (28, 1), (8, 1), (65, 1), (44, 1), (18, 1), (25, 1), (79, 1), (78, 1), (63, 1), (47, 1), (40, 1), (38, 1), (64, 1), (85, 1), (83, 1), (77, 1), (34, 1), (43, 1), (68, 1), (61, 1), (73, 1), (70, 1), (9, 1), (36, 1), (6, 1), (69, 1), 
Generation 14:(63, 1), (22, 1), (64, 1), (18, 1), (73, 1), (66, 1), (90, 1), (61, 1), (51, 1), (26, 1), (32, 1), (6, 1), (39, 1), (11, 1), (78, 1), (56, 1), (29, 1), (41, 1), (84, 1), (48, 1), (9, 1), (54, 1), (25, 1), (35, 1), (17, 1), (92, 1), (80, 1), (97, 1), (49, 1), (52, 1), (45, 1), (36, 1), (38, 1), (62, 1), (13, 1), (94, 1), (55, 1), (93, 1), (34, 1), (70, 1), 
Generation 15:(14, 1), (54, 1), (47, 1), (74, 1), (97, 1), (55, 1), (69, 1), (36, 1), (21, 1), (68, 1), (80, 1), (91, 1), (6, 1), (58, 1), (16, 1), (49, 1), (25, 1), (57, 1), (31, 1), (41, 1), (28, 1), (56, 1), (46, 1), (40, 1), (27, 1), (79, 1), (48, 1), (10, 1), (44, 1), (81, 1), (60, 1), (72, 1), (96, 1), (76, 1), (64, 1), (30, 1), (18, 1), (77, 1), (90, 1), (89, 1), 
Generation 16:(39, 1), (86, 1), (84, 1), (18, 1), (58, 1), (20, 1), (15, 1), (40, 1), (89, 1), (45, 1), (28, 1), (37, 1), (7, 1), (35, 1), (82, 1), (44, 1), (31, 1), (59, 1), (23, 1), (41, 1), (88, 1), (92, 1), (10, 1), (43, 1), (16, 1), (19, 1), (65, 1), (17, 1), (67, 1), (32, 1), (38, 1), (97, 1), (30, 1), (14, 1), (52, 1), (96, 1), (12, 1), (50, 1), (11, 1), (83, 1), 
Generation 17:(76, 1), (47, 1), (10, 1), (49, 1), (62, 1), (82, 1), (87, 1), (13, 1), (37, 1), (36, 1), (63, 1), (43, 1), (88, 1), (12, 1), (78, 1), (38, 1), (41, 1), (90, 1), (67, 1), (71, 1), (8, 1), (93, 1), (32, 1), (80, 1), (68, 1), (83, 1), (54, 1), (59, 1), (58, 1), (66, 1), (70, 1), (55, 1), (45, 1), (79, 1), (11, 1), (46, 1), (96, 1), (20, 1), (65, 1), (91, 1), 
Generation 18:(65, 1), (92, 1), (79, 1), (86, 1), (62, 1), (82, 1), (58, 1), (78, 1), (11, 1), (30, 1), (32, 1), (7, 1), (61, 1), (24, 1), (96, 1), (49, 1), (17, 1), (74, 1), (93, 1), (8, 1), (28, 1), (39, 1), (43, 1), (72, 1), (67, 1), (10, 1), (26, 1), (53, 1), (14, 1), (44, 1), (76, 1), (99, 1), (68, 1), (88, 1), (21, 1), (47, 1), (59, 1), (84, 1), (31, 1), (20, 1), 
Generation 19:(71, 1), (70, 1), (79, 1), (50, 1), (28, 1), (51, 1), (13, 1), (49, 1), (16, 1), (11, 1), (8, 1), (38, 1), (53, 1), (10, 1), (94, 1), (37, 1), (44, 1), (69, 1), (55, 1), (31, 1), (85, 1), (34, 1), (30, 1), (81, 1), (98, 1), (80, 1), (9, 1), (17, 1), (99, 1), (26, 1), (64, 1), (82, 1), (41, 1), (52, 1), (47, 1), (96, 1), (61, 1), (57, 1), (68, 1), (43, 1), 
Generation 20:(34, 1), (48, 1), (41, 1), (37, 1), (93, 1), (51, 1), (79, 1), (20, 1), (80, 1), (67, 1), (28, 1), (88, 1), (24, 1), (72, 1), (11, 1), (30, 1), (74, 1), (70, 1), (71, 1), (86, 1), (45, 1), (60, 1), (47, 1), (98, 1), (90, 1), (76, 1), (89, 1), (12, 1), (78, 1), (46, 1), (73, 1), (49, 1), (26, 1), (8, 1), (13, 1), (32, 1), (77, 1), (10, 1), (16, 1), (36, 1), 
Generation 21:(65, 1), (96, 1), (41, 1), (9, 1), (45, 1), (91, 1), (19, 1), (29, 1), (53, 1), (64, 1), (70, 1), (98, 1), (40, 1), (95, 1), (54, 1), (50, 1), (27, 1), (24, 1), (56, 1), (72, 1), (61, 1), (35, 1), (90, 1), (26, 1), (66, 1), (77, 1), (87, 1), (59, 1), (33, 1), (63, 1), (79, 1), (85, 1), (67, 1), (69, 1), (17, 1), (62, 1), (30, 1), (12, 1), (86, 1), (43, 1), 
Generation 22:(32, 1), (31, 1), (95, 1), (77, 1), (43, 1), (15, 1), (20, 1), (11, 1), (39, 1), (33, 1), (50, 1), (54, 1), (92, 1), (35, 1), (79, 1), (82, 1), (40, 1), (87, 1), (44, 1), (99, 1), (89, 1), (9, 1), (42, 1), (30, 1), (67, 1), (36, 1), (83, 1), (63, 1), (17, 1), (58, 1), (51, 1), (68, 1), (10, 1), (57, 1), (55, 1), (74, 1), (7, 1), (13, 1), (38, 1), (78, 1), 
Generation 23:(7, 1), (6, 1), (87, 1), (97, 1), (96, 1), (94, 1), (26, 1), (55, 1), (14, 1), (30, 1), (37, 1), (68, 1), (64, 1), (69, 1), (58, 1), (17, 1), (51, 1), (19, 1), (40, 1), (75, 1), (54, 1), (29, 1), (41, 1), (60, 1), (71, 1), (95, 1), (45, 1), (79, 1), (38, 1), (24, 1), (93, 1), (67, 1), (84, 1), (36, 1), (85, 1), (34, 1), (48, 1), (72, 1), (70, 1), (20, 1), 
Generation 24:(45, 1), (22, 1), (59, 1), (18, 1), (94, 1), (25, 1), (77, 1), (33, 1), (69, 1), (53, 1), (87, 1), (72, 1), (13, 1), (37, 1), (38, 1), (68, 1), (43, 1), (7, 1), (28, 1), (75, 1), (14, 1), (54, 1), (74, 1), (76, 1), (36, 1), (46, 1), (47, 1), (84, 1), (29, 1), (52, 1), (26, 1), (40, 1), (49, 1), (23, 1), (80, 1), (63, 1), (58, 1), (60, 1), (61, 1), (92, 1), 
Generation 25:(24, 1), (12, 1), (76, 1), (71, 1), (11, 1), (33, 1), (39, 1), (79, 1), (52, 1), (43, 1), (87, 1), (62, 1), (55, 1), (70, 1), (97, 1), (66, 1), (36, 1), (91, 1), (8, 1), (21, 1), (82, 1), (85, 1), (46, 1), (74, 1), (92, 1), (15, 1), (95, 1), (83, 1), (47, 1), (45, 1), (41, 1), (90, 1), (32, 1), (30, 1), (22, 1), (49, 1), (20, 1), (7, 1), (18, 1), (88, 1), 
Generation 26:(7, 1), (56, 1), (24, 1), (25, 1), (37, 1), (86, 1), (65, 1), (61, 1), (85, 1), (30, 1), (22, 1), (21, 1), (77, 1), (26, 1), (75, 1), (28, 1), (70, 1), (73, 1), (91, 1), (84, 1), (59, 1), (39, 1), (40, 1), (87, 1), (8, 1), (19, 1), (57, 1), (9, 1), (54, 1), (43, 1), (95, 1), (45, 1), (89, 1), (44, 1), (97, 1), (55, 1), (74, 1), (76, 1), (33, 1), (68, 1), 
Generation 27:(54, 1), (55, 1), (41, 1), (45, 1), (94, 1), (34, 1), (59, 1), (69, 1), (99, 1), (44, 1), (30, 1), (85, 1), (75, 1), (86, 1), (77, 1), (84, 1), (52, 1), (17, 1), (23, 1), (28, 1), (16, 1), (82, 1), (31, 1), (19, 1), (73, 1), (46, 1), (21, 1), (8, 1), (6, 1), (13, 1), (72, 1), (50, 1), (7, 1), (40, 1), (51, 1), (74, 1), (98, 1), (12, 1), (87, 1), (22, 1), 
Generation 28:(6, 1), (89, 1), (98, 1), (18, 1), (8, 1), (33, 1), (99, 1), (11, 1), (52, 1), (26, 1), (38, 1), (40, 1), (44, 1), (53, 1), (30, 1), (31, 1), (36, 1), (50, 1), (60, 1), (22, 1), (95, 1), (42, 1), (65, 1), (72, 1), (34, 1), (81, 1), (48, 1), (39, 1), (23, 1), (9, 1), (78, 1), (28, 1), (21, 1), (29, 1), (69, 1), (37, 1), (75, 1), (25, 1), (14, 1), (92, 1), 
Generation 29:(27, 1), (94, 1), (6, 1), (37, 1), (79, 1), (39, 1), (12, 1), (64, 1), (31, 1), (68, 1), (9, 1), (98, 1), (38, 1), (80, 1), (45, 1), (77, 1), (54, 1), (28, 1), (40, 1), (14, 1), (30, 1), (66, 1), (22, 1), (15, 1), (92, 1), (36, 1), (60, 1), (10, 1), (55, 1), (95, 1), (99, 1), (21, 1), (67, 1), (87, 1), (19, 1), (88, 1), (72, 1), (13, 1), (91, 1), (52, 1), 
Generation 30:(65, 1), (40, 1), (84, 1), (93, 1), (56, 1), (49, 1), (16, 1), (77, 1), (44, 1), (19, 1), (23, 1), (85, 1), (43, 1), (48, 1), (89, 1), (73, 1), (72, 1), (95, 1), (78, 1), (20, 1), (6, 1), (82, 1), (38, 1), (58, 1), (27, 1), (37, 1), (63, 1), (53, 1), (28, 1), (21, 1), (22, 1), (69, 1), (99, 1), (50, 1), (18, 1), (8, 1), (96, 1), (34, 1), (15, 1), (55, 1), 
Generation 31:(27, 1), (83, 1), (80, 1), (78, 1), (54, 1), (63, 1), (52, 1), (20, 1), (68, 1), (89, 1), (22, 1), (56, 1), (12, 1), (94, 1), (99, 1), (13, 1), (77, 1), (62, 1), (42, 1), (98, 1), (44, 1), (7, 1), (97, 1), (19, 1), (28, 1), (67, 1), (23, 1), (17, 1), (41, 1), (36, 1), (33, 1), (37, 1), (53, 1), (82, 1), (32, 1), (49, 1), (91, 1), (39, 1), (38, 1), (45, 1), 
Generation 32:(93, 1), (85, 1), (80, 1), (38, 1), (29, 1), (59, 1), (35, 1), (22, 1), (24, 1), (34, 1), (39, 1), (33, 1), (40, 1), (46, 1), (79, 1), (20, 1), (27, 1), (10, 1), (14, 1), (82, 1), (67, 1), (43, 1), (72, 1), (68, 1), (56, 1), (30, 1), (21, 1), (65, 1), (63, 1), (9, 1), (19, 1), (42, 1), (71, 1), (66, 1), (41, 1), (23, 1), (58, 1), (54, 1), (45, 1), (99, 1), 
Generation 33:(36, 1), (70, 1), (23, 1), (50, 1), (10, 1), (63, 1), (9, 1), (43, 1), (20, 1), (35, 1), (58, 1), (86, 1), (98, 1), (57, 1), (52, 1), (41, 1), (88, 1), (25, 1), (19, 1), (69, 1), (60, 1), (47, 1), (91, 1), (85, 1), (77, 1), (45, 1), (81, 1), (37, 1), (95, 1), (28, 1), (26, 1), (76, 1), (42, 1), (61, 1), (24, 1), (84, 1), (33, 1), (99, 1), (46, 1), (11, 1), 
Generation 34:(25, 1), (56, 1), (82, 1), (7, 1), (90, 1), (52, 1), (33, 1), (32, 1), (76, 1), (40, 1), (66, 1), (60, 1), (28, 1), (77, 1), (57, 1), (62, 1), (67, 1), (14, 1), (50, 1), (94, 1), (24, 1), (41, 1), (22, 1), (86, 1), (74, 1), (75, 1), (27, 1), (59, 1), (87, 1), (80, 1), (91, 1), (71, 1), (42, 1), (15, 1), (16, 1), (48, 1), (44, 1), (30, 1), (43, 1), (98, 1), 
Generation 35:(64, 1), (52, 1), (29, 1), (12, 1), (98, 1), (74, 1), (38, 1), (82, 1), (69, 1), (13, 1), (57, 1), (79, 1), (45, 1), (72, 1), (42, 1), (77, 1), (22, 1), (17, 1), (27, 1), (96, 1), (33, 1), (56, 1), (24, 1), (78, 1), (60, 1), (91, 1), (23, 1), (8, 1), (83, 1), (99, 1), (62, 1), (21, 1), (58, 1), (28, 1), (18, 1), (63, 1), (86, 1), (41, 1), (31, 1), (46, 1), 
Generation 36:(7, 1), (30, 1), (15, 1), (71, 1), (97, 1), (60, 1), (18, 1), (83, 1), (22, 1), (35, 1), (27, 1), (45, 1), (77, 1), (61, 1), (72, 1), (80, 1), (46, 1), (65, 1), (39, 1), (70, 1), (13, 1), (52, 1), (34, 1), (68, 1), (69, 1), (86, 1), (88, 1), (53, 1), (76, 1), (85, 1), (48, 1), (66, 1), (81, 1), (19, 1), (57, 1), (16, 1), (9, 1), (73, 1), (24, 1), (96, 1), 
Generation 37:(64, 1), (6, 1), (22, 1), (72, 1), (31, 1), (53, 1), (47, 1), (15, 1), (79, 1), (60, 1), (49, 1), (32, 1), (94, 1), (9, 1), (58, 1), (51, 1), (46, 1), (89, 1), (62, 1), (80, 1), (30, 1), (14, 1), (26, 1), (18, 1), (42, 1), (54, 1), (96, 1), (77, 1), (78, 1), (36, 1), (70, 1), (57, 1), (29, 1), (48, 1), (41, 1), (35, 1), (21, 1), (84, 1), (74, 1), (61, 1), 
Generation 38:(41, 1), (14, 1), (50, 1), (19, 1), (15, 1), (83, 1), (66, 1), (98, 1), (44, 1), (54, 1), (72, 1), (94, 1), (22, 1), (57, 1), (12, 1), (16, 1), (85, 1), (13, 1), (9, 1), (87, 1), (42, 1), (58, 1), (93, 1), (74, 1), (89, 1), (63, 1), (47, 1), (71, 1), (24, 1), (46, 1), (49, 1), (84, 1), (88, 1), (92, 1), (38, 1), (18, 1), (91, 1), (51, 1), (73, 1), (43, 1), 
Generation 39:(24, 1), (72, 1), (69, 1), (88, 1), (73, 1), (99, 1), (12, 1), (38, 1), (50, 1), (83, 1), (85, 1), (25, 1), (54, 1), (70, 1), (82, 1), (59, 1), (67, 1), (8, 1), (63, 1), (23, 1), (19, 1), (28, 1), (86, 1), (96, 1), (11, 1), (64, 1), (44, 1), (62, 1), (22, 1), (37, 1), (87, 1), (75, 1), (47, 1), (76, 1), (53, 1), (78, 1), (15, 1), (9, 1), (30, 1), (34, 1), 
Generation 40:(52, 1), (67, 1), (38, 1), (88, 1), (34, 1), (60, 1), (6, 1), (13, 1), (36, 1), (29, 1), (57, 1), (64, 1), (8, 1), (51, 1), (17, 1), (20, 1), (12, 1), (21, 1), (14, 1), (19, 1), (77, 1), (26, 1), (82, 1), (54, 1), (10, 1), (73, 1), (43, 1), (46, 1), (37, 1), (92, 1), (96, 1), (62, 1), (80, 1), (87, 1), (16, 1), (32, 1), (18, 1), (74, 1), (83, 1), (79, 1), 
Generation 41:(20, 1), (15, 1), (25, 1), (83, 1), (77, 1), (66, 1), (94, 1), (68, 1), (79, 1), (99, 1), (75, 1), (51, 1), (81, 1), (21, 1), (56, 1), (42, 1), (95, 1), (7, 1), (87, 1), (29, 1), (17, 1), (33, 1), (57, 1), (55, 1), (84, 1), (31, 1), (96, 1), (63, 1), (50, 1), (11, 1), (34, 1), (45, 1), (82, 1), (36, 1), (91, 1), (71, 1), (24, 1), (92, 1), (27, 1), (40, 1), 
Generation 42:(66, 1), (59, 1), (11, 1), (99, 1), (85, 1), (41, 1), (36, 1), (60, 1), (22, 1), (76, 1), (39, 1), (16, 1), (72, 1), (21, 1), (98, 1), (53, 1), (83, 1), (14, 1), (49, 1), (62, 1), (48, 1), (91, 1), (57, 1), (63, 1), (82, 1), (65, 1), (38, 1), (28, 1), (88, 1), (92, 1), (42, 1), (51, 1), (86, 1), (34, 1), (56, 1), (7, 1), (32, 1), (84, 1), (69, 1), (74, 1), 
Generation 43:(87, 1), (75, 1), (39, 1), (82, 1), (45, 1), (96, 1), (88, 1), (24, 1), (73, 1), (55, 1), (62, 1), (15, 1), (11, 1), (63, 1), (65, 1), (43, 1), (66, 1), (91, 1), (21, 1), (90, 1), (54, 1), (99, 1), (41, 1), (12, 1), (60, 1), (22, 1), (76, 1), (92, 1), (36, 1), (47, 1), (98, 1), (44, 1), (49, 1), (64, 1), (7, 1), (42, 1), (84, 1), (79, 1), (95, 1), (9, 1), 
Generation 44:(23, 1), (11, 1), (54, 1), (19, 1), (76, 1), (30, 1), (91, 1), (52, 1), (94, 1), (51, 1), (35, 1), (66, 1), (70, 1), (18, 1), (44, 1), (84, 1), (49, 1), (48, 1), (20, 1), (39, 1), (64, 1), (34, 1), (80, 1), (63, 1), (60, 1), (87, 1), (7, 1), (8, 1), (55, 1), (65, 1), (22, 1), (31, 1), (88, 1), (73, 1), (33, 1), (43, 1), (37, 1), (74, 1), (98, 1), (58, 1), 
Generation 45:(27, 1), (30, 1), (76, 1), (64, 1), (63, 1), (58, 1), (96, 1), (22, 1), (9, 1), (56, 1), (48, 1), (51, 1), (41, 1), (17, 1), (26, 1), (79, 1), (75, 1), (23, 1), (6, 1), (32, 1), (87, 1), (71, 1), (88, 1), (12, 1), (40, 1), (28, 1), (98, 1), (97, 1), (85, 1), (93, 1), (21, 1), (16, 1), (14, 1), (45, 1), (37, 1), (89, 1), (31, 1), (68, 1), (61, 1), (73, 1), 
Generation 46:(51, 1), (69, 1), (50, 1), (91, 1), (76, 1), (70, 1), (68, 1), (38, 1), (11, 1), (41, 1), (45, 1), (96, 1), (24, 1), (29, 1), (42, 1), (10, 1), (74, 1), (28, 1), (17, 1), (94, 1), (57, 1), (18, 1), (63, 1), (95, 1), (35, 1), (39, 1), (99, 1), (37, 1), (47, 1), (33, 1), (32, 1), (61, 1), (16, 1), (26, 1), (56, 1), (13, 1), (90, 1), (65, 1), (67, 1), (15, 1), 
Generation 47:(86, 1), (62, 1), (89, 1), (84, 1), (77, 1), (76, 1), (35, 1), (91, 1), (26, 1), (71, 1), (83, 1), (15, 1), (82, 1), (67, 1), (61, 1), (74, 1), (16, 1), (66, 1), (12, 1), (94, 1), (79, 1), (72, 1), (44, 1), (33, 1), (38, 1), (11, 1), (96, 1), (24, 1), (75, 1), (18, 1), (53, 1), (9, 1), (22, 1), (64, 1), (49, 1), (28, 1), (51, 1), (68, 1), (95, 1), (14, 1), 
Generation 48:(82, 1), (52, 1), (48, 1), (20, 1), (71, 1), (40, 1), (98, 1), (78, 1), (47, 1), (89, 1), (53, 1), (57, 1), (75, 1), (90, 1), (28, 1), (37, 1), (38, 1), (59, 1), (87, 1), (67, 1), (30, 1), (10, 1), (80, 1), (42, 1), (88, 1), (24, 1), (46, 1), (83, 1), (85, 1), (12, 1), (36, 1), (44, 1), (13, 1), (76, 1), (31, 1), (60, 1), (17, 1), (73, 1), (16, 1), (84, 1), 
Generation 49:(46, 1), (76, 1), (58, 1), (12, 1), (87, 1), (41, 1), (40, 1), (91, 1), (44, 1), (8, 1), (89, 1), (27, 1), (85, 1), (28, 1), (96, 1), (13, 1), (97, 1), (22, 1), (59, 1), (38, 1), (21, 1), (25, 1), (61, 1), (84, 1), (47, 1), (32, 1), (18, 1), (37, 1), (23, 1), (52, 1), (34, 1), (14, 1), (39, 1), (86, 1), (82, 1), (63, 1), (55, 1), (9, 1), (33, 1), (94, 1), 
Generation 50:(9, 1), (74, 1), (65, 1), (34, 1), (93, 1), (99, 1), (30, 1), (14, 1), (84, 1), (20, 1), (15, 1), (40, 1), (17, 1), (59, 1), (42, 1), (11, 1), (37, 1), (31, 1), (21, 1), (10, 1), (47, 1), (49, 1), (87, 1), (53, 1), (86, 1), (98, 1), (77, 1), (32, 1), (48, 1), (29, 1), (18, 1), (55, 1), (68, 1), (8, 1), (58, 1), (95, 1), (62, 1), (61, 1), (36, 1), (12, 1), 
Generation 51:(57, 1), (18, 1), (15, 1), (34, 1), (13, 1), (59, 1), (30, 1), (51, 1), (79, 1), (76, 1), (90, 1), (43, 1), (8, 1), (71, 1), (9, 1), (22, 1), (82, 1), (60, 1), (72, 1), (93, 1), (50, 1), (17, 1), (38, 1), (69, 1), (63, 1), (36, 1), (49, 1), (39, 1), (88, 1), (33, 1), (65, 1), (45, 1), (75, 1), (6, 1), (61, 1), (78, 1), (26, 1), (73, 1), (32, 1), (42, 1), 
Generation 52:(70, 1), (66, 1), (63, 1), (45, 1), (62, 1), (61, 1), (82, 1), (98, 1), (77, 1), (64, 1), (37, 1), (99, 1), (8, 1), (55, 1), (31, 1), (26, 1), (40, 1), (13, 1), (96, 1), (16, 1), (60, 1), (80, 1), (34, 1), (50, 1), (14, 1), (93, 1), (58, 1), (9, 1), (17, 1), (76, 1), (47, 1), (39, 1), (74, 1), (21, 1), (43, 1), (7, 1), (54, 1), (49, 1), (48, 1), (69, 1), 
Generation 53:(46, 1), (36, 1), (31, 1), (70, 1), (11, 1), (76, 1), (73, 1), (91, 1), (72, 1), (94, 1), (99, 1), (67, 1), (93, 1), (55, 1), (71, 1), (58, 1), (63, 1), (38, 1), (50, 1), (79, 1), (35, 1), (10, 1), (96, 1), (13, 1), (23, 1), (75, 1), (33, 1), (32, 1), (8, 1), (6, 1), (57, 1), (19, 1), (49, 1), (68, 1), (61, 1), (82, 1), (59, 1), (41, 1), (21, 1), (65, 1), 
Generation 54:(73, 1), (75, 1), (92, 1), (59, 1), (79, 1), (40, 1), (99, 1), (27, 1), (74, 1), (14, 1), (46, 1), (58, 1), (26, 1), (54, 1), (6, 1), (18, 1), (63, 1), (68, 1), (67, 1), (48, 1), (62, 1), (81, 1), (49, 1), (38, 1), (55, 1), (87, 1), (33, 1), (61, 1), (19, 1), (22, 1), (23, 1), (34, 1), (88, 1), (93, 1), (89, 1), (84, 1), (12, 1), (25, 1), (77, 1), (30, 1), 
Generation 55:(44, 1), (65, 1), (14, 1), (56, 1), (58, 1), (94, 1), (83, 1), (45, 1), (43, 1), (78, 1), (20, 1), (35, 1), (82, 1), (53, 1), (49, 1), (7, 1), (73, 1), (15, 1), (91, 1), (81, 1), (89, 1), (33, 1), (23, 1), (67, 1), (9, 1), (39, 1), (63, 1), (93, 1), (38, 1), (72, 1), (64, 1), (96, 1), (71, 1), (75, 1), (18, 1), (13, 1), (80, 1), (19, 1), (30, 1), (42, 1), 
Generation 56:(70, 1), (94, 1), (18, 1), (34, 1), (90, 1), (84, 1), (38, 1), (82, 1), (98, 1), (22, 1), (33, 1), (72, 1), (74, 1), (36, 1), (85, 1), (39, 1), (49, 1), (8, 1), (26, 1), (59, 1), (30, 1), (43, 1), (79, 1), (46, 1), (66, 1), (15, 1), (12, 1), (92, 1), (61, 1), (69, 1), (44, 1), (88, 1), (24, 1), (31, 1), (23, 1), (10, 1), (45, 1), (32, 1), (58, 1), (81, 1), 
Generation 57:(45, 1), (12, 1), (97, 1), (92, 1), (64, 1), (13, 1), (68, 1), (51, 1), (14, 1), (82, 1), (29, 1), (99, 1), (98, 1), (23, 1), (90, 1), (35, 1), (38, 1), (7, 1), (84, 1), (30, 1), (31, 1), (53, 1), (94, 1), (59, 1), (62, 1), (67, 1), (70, 1), (24, 1), (22, 1), (50, 1), (79, 1), (95, 1), (18, 1), (54, 1), (34, 1), (37, 1), (69, 1), (17, 1), (81, 1), (26, 1), 
Generation 58:(78, 1), (71, 1), (88, 1), (83, 1), (67, 1), (14, 1), (53, 1), (75, 1), (9, 1), (30, 1), (56, 1), (26, 1), (33, 1), (36, 1), (17, 1), (77, 1), (16, 1), (85, 1), (34, 1), (92, 1), (90, 1), (13, 1), (95, 1), (25, 1), (79, 1), (57, 1), (84, 1), (45, 1), (55, 1), (44, 1), (52, 1), (69, 1), (81, 1), (27, 1), (96, 1), (32, 1), (61, 1), (28, 1), (68, 1), (37, 1), 
Generation 59:(39, 1), (33, 1), (71, 1), (12, 1), (52, 1), (83, 1), (22, 1), (28, 1), (55, 1), (38, 1), (81, 1), (87, 1), (84, 1), (29, 1), (61, 1), (73, 1), (21, 1), (95, 1), (58, 1), (42, 1), (82, 1), (69, 1), (77, 1), (15, 1), (64, 1), (90, 1), (50, 1), (76, 1), (56, 1), (34, 1), (30, 1), (99, 1), (60, 1), (49, 1), (8, 1), (72, 1), (47, 1), (14, 1), (9, 1), (53, 1), 
Generation 60:(99, 1), (56, 1), (80, 1), (65, 1), (90, 1), (84, 1), (37, 1), (82, 1), (91, 1), (39, 1), (27, 1), (35, 1), (73, 1), (30, 1), (19, 1), (76, 1), (11, 1), (88, 1), (60, 1), (23, 1), (20, 1), (75, 1), (29, 1), (21, 1), (96, 1), (8, 1), (48, 1), (94, 1), (72, 1), (79, 1), (70, 1), (13, 1), (15, 1), (28, 1), (93, 1), (78, 1), (85, 1), (51, 1), (31, 1), (36, 1), 
Generation 61:(65, 1), (37, 1), (78, 1), (64, 1), (25, 1), (7, 1), (41, 1), (77, 1), (29, 1), (26, 1), (9, 1), (97, 1), (40, 1), (72, 1), (73, 1), (84, 1), (82, 1), (30, 1), (66, 1), (20, 1), (18, 1), (98, 1), (50, 1), (47, 1), (95, 1), (39, 1), (49, 1), (88, 1), (33, 1), (68, 1), (76, 1), (93, 1), (55, 1), (21, 1), (52, 1), (34, 1), (60, 1), (19, 1), (89, 1), (79, 1), 
Generation 62:(51, 1), (28, 1), (17, 1), (57, 1), (22, 1), (53, 1), (24, 1), (44, 1), (78, 1), (69, 1), (92, 1), (38, 1), (41, 1), (79, 1), (80, 1), (67, 1), (50, 1), (9, 1), (72, 1), (46, 1), (99, 1), (60, 1), (20, 1), (83, 1), (71, 1), (96, 1), (85, 1), (77, 1), (63, 1), (55, 1), (64, 1), (66, 1), (95, 1), (16, 1), (54, 1), (7, 1), (14, 1), (48, 1), (89, 1), (59, 1), 
Generation 63:(67, 1), (57, 1), (37, 1), (33, 1), (83, 1), (96, 1), (68, 1), (18, 1), (72, 1), (74, 1), (52, 1), (56, 1), (85, 1), (63, 1), (22, 1), (77, 1), (49, 1), (20, 1), (47, 1), (10, 1), (11, 1), (43, 1), (51, 1), (66, 1), (80, 1), (73, 1), (17, 1), (36, 1), (30, 1), (7, 1), (16, 1), (50, 1), (75, 1), (71, 1), (53, 1), (92, 1), (87, 1), (60, 1), (26, 1), (23, 1), 
Generation 64:(90, 1), (52, 1), (37, 1), (39, 1), (27, 1), (98, 1), (56, 1), (92, 1), (11, 1), (20, 1), (99, 1), (23, 1), (65, 1), (25, 1), (75, 1), (57, 1), (71, 1), (22, 1), (48, 1), (68, 1), (8, 1), (46, 1), (95, 1), (80, 1), (74, 1), (28, 1), (78, 1), (13, 1), (59, 1), (64, 1), (49, 1), (79, 1), (81, 1), (70, 1), (35, 1), (10, 1), (86, 1), (41, 1), (42, 1), (17, 1), 
Generation 65:(21, 1), (23, 1), (72, 1), (99, 1), (74, 1), (75, 1), (68, 1), (71, 1), (87, 1), (19, 1), (53, 1), (64, 1), (62, 1), (69, 1), (88, 1), (79, 1), (32, 1), (96, 1), (67, 1), (86, 1), (50, 1), (36, 1), (46, 1), (37, 1), (90, 1), (42, 1), (95, 1), (22, 1), (76, 1), (15, 1), (41, 1), (30, 1), (70, 1), (61, 1), (6, 1), (51, 1), (97, 1), (10, 1), (8, 1), (38, 1), 
Generation 66:(44, 1), (41, 1), (87, 1), (8, 1), (77, 1), (59, 1), (70, 1), (91, 1), (57, 1), (54, 1), (68, 1), (92, 1), (98, 1), (73, 1), (64, 1), (52, 1), (36, 1), (51, 1), (6, 1), (84, 1), (21, 1), (58, 1), (26, 1), (83, 1), (28, 1), (13, 1), (40, 1), (99, 1), (85, 1), (37, 1), (66, 1), (29, 1), (74, 1), (76, 1), (93, 1), (12, 1), (9, 1), (81, 1), (10, 1), (32, 1), 
Generation 67:(81, 1), (18, 1), (43, 1), (92, 1), (7, 1), (15, 1), (19, 1), (74, 1), (61, 1), (90, 1), (87, 1), (97, 1), (88, 1), (9, 1), (34, 1), (23, 1), (21, 1), (41, 1), (65, 1), (78, 1), (84, 1), (25, 1), (96, 1), (99, 1), (36, 1), (95, 1), (29, 1), (16, 1), (66, 1), (77, 1), (55, 1), (14, 1), (38, 1), (6, 1), (40, 1), (59, 1), (49, 1), (27, 1), (64, 1), (56, 1), 
Generation 68:(23, 1), (91, 1), (99, 1), (43, 1), (85, 1), (66, 1), (41, 1), (93, 1), (68, 1), (38, 1), (37, 1), (31, 1), (98, 1), (53, 1), (25, 1), (65, 1), (19, 1), (17, 1), (33, 1), (89, 1), (28, 1), (71, 1), (6, 1), (56, 1), (78, 1), (58, 1), (40, 1), (26, 1), (64, 1), (21, 1), (45, 1), (51, 1), (30, 1), (8, 1), (86, 1), (87, 1), (50, 1), (32, 1), (82, 1), (49, 1), 
Generation 69:(71, 1), (74, 1), (85, 1), (99, 1), (48, 1), (23, 1), (43, 1), (37, 1), (24, 1), (87, 1), (52, 1), (96, 1), (14, 1), (36, 1), (94, 1), (73, 1), (53, 1), (89, 1), (82, 1), (16, 1), (51, 1), (32, 1), (55, 1), (18, 1), (22, 1), (15, 1), (47, 1), (50, 1), (54, 1), (72, 1), (92, 1), (13, 1), (75, 1), (83, 1), (19, 1), (61, 1), (63, 1), (27, 1), (76, 1), (65, 1), 
Generation 70:(8, 1), (77, 1), (92, 1), (34, 1), (89, 1), (28, 1), (30, 1), (81, 1), (12, 1), (50, 1), (49, 1), (48, 1), (37, 1), (41, 1), (31, 1), (13, 1), (29, 1), (97, 1), (64, 1), (18, 1), (23, 1), (90, 1), (74, 1), (85, 1), (59, 1), (32, 1), (76, 1), (22, 1), (84, 1), (94, 1), (66, 1), (33, 1), (9, 1), (52, 1), (69, 1), (10, 1), (61, 1), (95, 1), (38, 1), (26, 1), 
Generation 71:(91, 1), (79, 1), (49, 1), (34, 1), (70, 1), (82, 1), (73, 1), (99, 1), (9, 1), (57, 1), (88, 1), (85, 1), (19, 1), (8, 1), (31, 1), (58, 1), (52, 1), (97, 1), (42, 1), (80, 1), (44, 1), (72, 1), (10, 1), (43, 1), (86, 1), (64, 1), (92, 1), (81, 1), (76, 1), (95, 1), (40, 1), (69, 1), (51, 1), (55, 1), (84, 1), (47, 1), (11, 1), (6, 1), (41, 1), (65, 1), 
Generation 72:(73, 1), (5, 1), (62, 1), (54, 1), (28, 1), (33, 1), (47, 1), (20, 1), (23, 1), (30, 1), (53, 1), (99, 1), (90, 1), (49, 1), (85, 1), (14, 1), (43, 1), (61, 1), (44, 1), (84, 1), (25, 1), (69, 1), (46, 1), (41, 1), (64, 1), (9, 1), (88, 1), (12, 1), (8, 1), (82, 1), (78, 1), (11, 1), (35, 1), (22, 1), (81, 1), (32, 1), (42, 1), (75, 1), (18, 1), (31, 1), 
Generation 73:(80, 1), (45, 1), (57, 1), (91, 1), (87, 1), (98, 1), (49, 1), (18, 1), (44, 1), (92, 1), (84, 1), (37, 1), (79, 1), (67, 1), (12, 1), (48, 1), (6, 1), (88, 1), (15, 1), (52, 1), (19, 1), (77, 1), (14, 1), (34, 1), (96, 1), (22, 1), (21, 1), (54, 1), (76, 1), (55, 1), (66, 1), (83, 1), (64, 1), (42, 1), (47, 1), (5, 1), (23, 1), (72, 1), (78, 1), (62, 1), 
Generation 74:(66, 1), (15, 1), (20, 1), (89, 1), (28, 1), (96, 1), (97, 1), (26, 1), (22, 1), (68, 1), (51, 1), (52, 1), (59, 1), (79, 1), (75, 1), (47, 1), (43, 1), (9, 1), (38, 1), (40, 1), (93, 1), (7, 1), (73, 1), (65, 1), (58, 1), (11, 1), (99, 1), (44, 1), (6, 1), (37, 1), (25, 1), (78, 1), (32, 1), (12, 1), (95, 1), (71, 1), (88, 1), (57, 1), (77, 1), (62, 1), 
Generation 75:(60, 1), (34, 1), (36, 1), (53, 1), (16, 1), (8, 1), (41, 1), (65, 1), (87, 1), (14, 1), (62, 1), (37, 1), (63, 1), (73, 1), (55, 1), (6, 1), (70, 1), (69, 1), (99, 1), (82, 1), (89, 1), (44, 1), (78, 1), (5, 1), (94, 1), (57, 1), (76, 1), (66, 1), (38, 1), (77, 1), (74, 1), (12, 1), (86, 1), (96, 1), (98, 1), (67, 1), (22, 1), (43, 1), (23, 1), (47, 1), 
Generation 76:(16, 1), (73, 1), (83, 1), (92, 1), (99, 1), (49, 1), (77, 1), (76, 1), (18, 1), (74, 1), (20, 1), (33, 1), (31, 1), (51, 1), (97, 1), (40, 1), (64, 1), (24, 1), (57, 1), (87, 1), (72, 1), (86, 1), (82, 1), (34, 1), (26, 1), (98, 1), (39, 1), (81, 1), (21, 1), (68, 1), (54, 1), (42, 1), (94, 1), (96, 1), (11, 1), (8, 1), (70, 1), (35, 1), (6, 1), (14, 1), 
Generation 77:(66, 1), (43, 1), (92, 1), (51, 1), (31, 1), (22, 1), (16, 1), (15, 1), (68, 1), (26, 1), (34, 1), (6, 1), (72, 1), (69, 1), (98, 1), (36, 1), (41, 1), (40, 1), (89, 1), (44, 1), (27, 1), (20, 1), (9, 1), (14, 1), (46, 1), (76, 1), (64, 1), (53, 1), (83, 1), (8, 1), (95, 1), (65, 1), (61, 1), (23, 1), (42, 1), (78, 1), (96, 1), (91, 1), (13, 1), (32, 1), 
Generation 78:(78, 1), (65, 1), (52, 1), (71, 1), (75, 1), (88, 1), (54, 1), (30, 1), (7, 1), (45, 1), (84, 1), (18, 1), (43, 1), (23, 1), (36, 1), (13, 1), (9, 1), (17, 1), (35, 1), (58, 1), (86, 1), (60, 1), (80, 1), (12, 1), (89, 1), (39, 1), (44, 1), (32, 1), (68, 1), (81, 1), (72, 1), (94, 1), (48, 1), (93, 1), (85, 1), (70, 1), (22, 1), (41, 1), (83, 1), (25, 1), 
Generation 79:(86, 1), (46, 1), (25, 1), (23, 1), (74, 1), (56, 1), (79, 1), (43, 1), (40, 1), (44, 1), (59, 1), (45, 1), (77, 1), (34, 1), (84, 1), (29, 1), (11, 1), (28, 1), (7, 1), (97, 1), (58, 1), (95, 1), (8, 1), (75, 1), (39, 1), (47, 1), (48, 1), (37, 1), (51, 1), (38, 1), (72, 1), (88, 1), (30, 1), (32, 1), (68, 1), (76, 1), (15, 1), (98, 1), (21, 1), (14, 1), 
Generation 80:(95, 1), (67, 1), (73, 1), (54, 1), (53, 1), (83, 1), (43, 1), (47, 1), (44, 1), (76, 1), (96, 1), (56, 1), (24, 1), (74, 1), (38, 1), (35, 1), (85, 1), (55, 1), (71, 1), (48, 1), (42, 1), (64, 1), (69, 1), (30, 1), (39, 1), (90, 1), (99, 1), (91, 1), (63, 1), (80, 1), (58, 1), (89, 1), (40, 1), (36, 1), (37, 1), (86, 1), (50, 1), (13, 1), (94, 1), (92, 1), 
Generation 81:(81, 1), (53, 1), (58, 1), (70, 1), (60, 1), (99, 1), (27, 1), (15, 1), (93, 1), (72, 1), (94, 1), (85, 1), (77, 1), (52, 1), (65, 1), (45, 1), (67, 1), (79, 1), (73, 1), (47, 1), (41, 1), (13, 1), (62, 1), (28, 1), (10, 1), (80, 1), (31, 1), (20, 1), (21, 1), (55, 1), (8, 1), (36, 1), (43, 1), (84, 1), (71, 1), (22, 1), (23, 1), (38, 1), (44, 1), (19, 1), 
Generation 82:(63, 1), (14, 1), (19, 1), (48, 1), (68, 1), (65, 1), (94, 1), (33, 1), (26, 1), (30, 1), (25, 1), (73, 1), (35, 1), (86, 1), (42, 1), (39, 1), (16, 1), (47, 1), (83, 1), (27, 1), (75, 1), (67, 1), (37, 1), (99, 1), (56, 1), (78, 1), (62, 1), (41, 1), (50, 1), (22, 1), (79, 1), (34, 1), (66, 1), (59, 1), (28, 1), (11, 1), (58, 1), (87, 1), (74, 1), (77, 1), 
Generation 83:(93, 1), (63, 1), (28, 1), (76, 1), (31, 1), (95, 1), (47, 1), (9, 1), (51, 1), (74, 1), (12, 1), (26, 1), (85, 1), (8, 1), (65, 1), (16, 1), (21, 1), (98, 1), (58, 1), (35, 1), (84, 1), (70, 1), (79, 1), (92, 1), (27, 1), (40, 1), (44, 1), (97, 1), (33, 1), (73, 1), (36, 1), (41, 1), (89, 1), (39, 1), (53, 1), (90, 1), (66, 1), (72, 1), (11, 1), (68, 1), 
Generation 84:(29, 1), (24, 1), (15, 1), (84, 1), (68, 1), (21, 1), (47, 1), (85, 1), (66, 1), (58, 1), (87, 1), (97, 1), (77, 1), (31, 1), (26, 1), (12, 1), (46, 1), (18, 1), (86, 1), (17, 1), (76, 1), (70, 1), (23, 1), (30, 1), (16, 1), (32, 1), (55, 1), (7, 1), (38, 1), (14, 1), (79, 1), (71, 1), (63, 1), (53, 1), (69, 1), (20, 1), (92, 1), (75, 1), (25, 1), (88, 1), 
Generation 85:(77, 1), (17, 1), (68, 1), (62, 1), (28, 1), (71, 1), (69, 1), (10, 1), (42, 1), (74, 1), (46, 1), (25, 1), (61, 1), (59, 1), (41, 1), (73, 1), (15, 1), (58, 1), (93, 1), (47, 1), (44, 1), (36, 1), (54, 1), (99, 1), (30, 1), (65, 1), (39, 1), (32, 1), (75, 1), (37, 1), (26, 1), (20, 1), (51, 1), (55, 1), (63, 1), (83, 1), (7, 1), (8, 1), (27, 1), (40, 1), 
Generation 86:(67, 1), (92, 1), (56, 1), (9, 1), (22, 1), (50, 1), (36, 1), (17, 1), (81, 1), (44, 1), (34, 1), (23, 1), (16, 1), (83, 1), (53, 1), (73, 1), (70, 1), (71, 1), (96, 1), (19, 1), (74, 1), (84, 1), (85, 1), (6, 1), (42, 1), (7, 1), (47, 1), (10, 1), (61, 1), (69, 1), (25, 1), (55, 1), (57, 1), (89, 1), (29, 1), (82, 1), (99, 1), (77, 1), (80, 1), (31, 1), 
Generation 87:(92, 1), (31, 1), (50, 1), (23, 1), (94, 1), (33, 1), (78, 1), (51, 1), (6, 1), (55, 1), (43, 1), (86, 1), (85, 1), (30, 1), (39, 1), (52, 1), (59, 1), (27, 1), (13, 1), (45, 1), (69, 1), (49, 1), (40, 1), (20, 1), (26, 1), (68, 1), (89, 1), (9, 1), (72, 1), (67, 1), (11, 1), (21, 1), (75, 1), (7, 1), (87, 1), (12, 1), (95, 1), (80, 1), (16, 1), (8, 1), 
Generation 88:(39, 1), (14, 1), (89, 1), (77, 1), (8, 1), (11, 1), (90, 1), (60, 1), (55, 1), (40, 1), (36, 1), (44, 1), (82, 1), (86, 1), (12, 1), (81, 1), (31, 1), (93, 1), (30, 1), (50, 1), (41, 1), (13, 1), (5, 1), (59, 1), (80, 1), (88, 1), (33, 1), (46, 1), (63, 1), (79, 1), (83, 1), (47, 1), (68, 1), (32, 1), (27, 1), (43, 1), (7, 1), (94, 1), (69, 1), (67, 1), 
Generation 89:(9, 1), (96, 1), (98, 1), (92, 1), (33, 1), (64, 1), (86, 1), (89, 1), (65, 1), (68, 1), (51, 1), (43, 1), (72, 1), (44, 1), (23, 1), (54, 1), (12, 1), (53, 1), (18, 1), (81, 1), (97, 1), (59, 1), (50, 1), (62, 1), (61, 1), (66, 1), (60, 1), (36, 1), (13, 1), (47, 1), (15, 1), (84, 1), (22, 1), (11, 1), (38, 1), (16, 1), (37, 1), (45, 1), (48, 1), (41, 1), 
Generation 90:(53, 1), (70, 1), (60, 1), (76, 1), (88, 1), (63, 1), (22, 1), (58, 1), (39, 1), (55, 1), (95, 1), (81, 1), (15, 1), (96, 1), (10, 1), (52, 1), (40, 1), (50, 1), (12, 1), (54, 1), (48, 1), (7, 1), (99, 1), (84, 1), (16, 1), (97, 1), (98, 1), (71, 1), (79, 1), (59, 1), (68, 1), (43, 1), (18, 1), (61, 1), (45, 1), (32, 1), (20, 1), (47, 1), (11, 1), (78, 1), 
Generation 91:(21, 1), (12, 1), (89, 1), (8, 1), (90, 1), (99, 1), (27, 1), (73, 1), (76, 1), (56, 1), (39, 1), (60, 1), (65, 1), (25, 1), (28, 1), (81, 1), (50, 1), (43, 1), (78, 1), (26, 1), (95, 1), (45, 1), (41, 1), (9, 1), (69, 1), (19, 1), (55, 1), (13, 1), (18, 1), (16, 1), (91, 1), (67, 1), (38, 1), (22, 1), (34, 1), (11, 1), (44, 1), (58, 1), (57, 1), (59, 1), 
Generation 92:(41, 1), (69, 1), (94, 1), (65, 1), (40, 1), (11, 1), (6, 1), (21, 1), (19, 1), (72, 1), (42, 1), (60, 1), (59, 1), (28, 1), (49, 1), (9, 1), (51, 1), (78, 1), (24, 1), (31, 1), (34, 1), (70, 1), (10, 1), (98, 1), (80, 1), (67, 1), (46, 1), (38, 1), (48, 1), (61, 1), (85, 1), (7, 1), (18, 1), (8, 1), (93, 1), (32, 1), (16, 1), (17, 1), (66, 1), (20, 1), 
Generation 93:(29, 1), (93, 1), (45, 1), (53, 1), (44, 1), (14, 1), (61, 1), (86, 1), (32, 1), (38, 1), (67, 1), (33, 1), (96, 1), (56, 1), (34, 1), (64, 1), (26, 1), (15, 1), (85, 1), (88, 1), (41, 1), (98, 1), (28, 1), (92, 1), (17, 1), (74, 1), (52, 1), (82, 1), (23, 1), (70, 1), (78, 1), (47, 1), (16, 1), (95, 1), (21, 1), (57, 1), (35, 1), (97, 1), (31, 1), (79, 1), 
Generation 94:(32, 1), (79, 1), (38, 1), (8, 1), (40, 1), (46, 1), (27, 1), (26, 1), (42, 1), (95, 1), (49, 1), (16, 1), (33, 1), (50, 1), (30, 1), (17, 1), (62, 1), (31, 1), (69, 1), (68, 1), (34, 1), (13, 1), (93, 1), (92, 1), (86, 1), (97, 1), (23, 1), (25, 1), (9, 1), (77, 1), (89, 1), (83, 1), (54, 1), (52, 1), (78, 1), (45, 1), (94, 1), (47, 1), (80, 1), (67, 1), 
Generation 95:(61, 1), (47, 1), (10, 1), (71, 1), (7, 1), (12, 1), (38, 1), (33, 1), (20, 1), (8, 1), (51, 1), (96, 1), (94, 1), (74, 1), (34, 1), (49, 1), (66, 1), (85, 1), (42, 1), (46, 1), (16, 1), (84, 1), (88, 1), (18, 1), (39, 1), (17, 1), (99, 1), (26, 1), (86, 1), (29, 1), (73, 1), (93, 1), (60, 1), (9, 1), (76, 1), (45, 1), (30, 1), (37, 1), (91, 1), (23, 1), 
Generation 96:(85, 1), (6, 1), (76, 1), (12, 1), (8, 1), (29, 1), (64, 1), (38, 1), (36, 1), (30, 1), (9, 1), (66, 1), (51, 1), (96, 1), (84, 1), (74, 1), (87, 1), (14, 1), (67, 1), (25, 1), (43, 1), (61, 1), (34, 1), (17, 1), (50, 1), (59, 1), (60, 1), (94, 1), (57, 1), (86, 1), (97, 1), (77, 1), (11, 1), (28, 1), (10, 1), (56, 1), (73, 1), (83, 1), (95, 1), (31, 1), 
Generation 97:(10, 1), (64, 1), (98, 1), (61, 1), (36, 1), (27, 1), (5, 1), (72, 1), (26, 1), (62, 1), (15, 1), (77, 1), (31, 1), (56, 1), (71, 1), (87, 1), (63, 1), (16, 1), (43, 1), (73, 1), (82, 1), (25, 1), (19, 1), (21, 1), (50, 1), (17, 1), (28, 1), (20, 1), (52, 1), (91, 1), (32, 1), (78, 1), (99, 1), (94, 1), (46, 1), (97, 1), (80, 1), (59, 1), (18, 1), (6, 1), 
Generation 98:(70, 1), (78, 1), (86, 1), (74, 1), (35, 1), (85, 1), (66, 1), (65, 1), (24, 1), (91, 1), (37, 1), (62, 1), (36, 1), (57, 1), (58, 1), (94, 1), (34, 1), (54, 1), (10, 1), (52, 1), (11, 1), (23, 1), (59, 1), (49, 1), (19, 1), (55, 1), (20, 1), (21, 1), (43, 1), (71, 1), (47, 1), (14, 1), (29, 1), (76, 1), (82, 1), (7, 1), (28, 1), (33, 1), (25, 1), (83, 1), 
Generation 99:(72, 1), (89, 1), (56, 1), (93, 1), (51, 1), (6, 1), (85, 1), (98, 1), (76, 1), (91, 1), (88, 1), (25, 1), (46, 1), (49, 1), (18, 1), (99, 1), (30, 1), (62, 1), (78, 1), (36, 1), (94, 1), (9, 1), (84, 1), (50, 1), (20, 1), (22, 1), (31, 1), (14, 1), (45, 1), (19, 1), (47, 1), (63, 1), (75, 1), (73, 1), (57, 1), (39, 1), (53, 1), (10, 1), (83, 1), (16, 1), 
Generation 100:(99, 1), (26, 1), (44, 1), (53, 1), (69, 1), (86, 1), (73, 1), (83, 1), (38, 1), (23, 1), (45, 1), (47, 1), (6, 1), (36, 1), (16, 1), (24, 1), (59, 1), (96, 1), (12, 1), (68, 1), (28, 1), (15, 1), (77, 1), (42, 1), (81, 1), (71, 1), (66, 1), (30, 1), (97, 1), (22, 1), (60, 1), (21, 1), (93, 1), (31, 1), (10, 1), (80, 1), (94, 1), (89, 1), (51, 1), (56, 1), 
Generation 101: