Generation 0:
Generation 1:(25, 1), (3, 1), (11, 1), (44, 1), (4, 1), (35, 1), (42, 1), (37, 1), (12, 1), (34, 1), (29, 1), (20, 1), (0, 1), (19, 1), (13, 1), (40, 1), (27, 1), (30, 1), (16, 1), (36, 1), (75, 2), (95, 2), (97, 2), (99, 2), (62, 2), (85, 2), (67, 2), (84, 2), (60, 2), (53, 2), (72, 2), (70, 2), (82, 2), (51, 2), (96, 2), (63, 2), (68, 2), (89, 2), (71, 2), (50, 2), 
Generation 2:(2, 1), (16, 1), (10, 1), (38, 1), (9, 1), (29, 1), (35, 1), (5, 1), (15, 1), (28, 1), (14, 1), (20, 1), (4, 1), (12, 1), (39, 1), (23, 1), (21, 1), (42, 1), (0, 1), (3, 1), (74, 2), (50, 2), (98, 2), (55, 2), (75, 2), (81, 2), (76, 2), (61, 2), (65, 2), (94, 2), (96, 2), (85, 2), (97, 2), (66, 2), (64, 2), (91, 2), (71, 2), (70, 2), (57, 2), (84, 2), 
Generation 3:(30, 1), (34, 1), (35, 1), (41, 1), (8, 1), (7, 1), (9, 1), (11, 1), (12, 1), (14, 1), (23, 1), (2, 1), (6, 1), (37, 1), (20, 1), (42, 1), (33, 1), (18, 1), (5, 1), (21, 1), (96, 2), (84, 2), (85, 2), (78, 2), (60, 2), (56, 2), (94, 2), (98, 2), (89, 2), (77, 2), (82, 2), (72, 2), (64, 2), (59, 2), (61, 2), (86, 2), (99, 2), (74, 2), (79, 2), (92, 2), 
Generation 4:(41, 1), (35, 1), (18, 1), (40, 1), (16, 1), (45, 1), (7, 1), (12, 1), (25, 1), (19, 1), (36, 1), (26, 1), (14, 1), (29, 1), (43, 1), (27, 1), (31, 1), (24, 1), (39, 1), (38, 1), (99, 2), (63, 2), (60, 2), (89, 2), (86, 2), (69, 2), (53, 2), (66, 2), (94, 2), (59, 2), (74, 2), (57, 2), (76, 2), (79, 2), (65, 2), (85, 2), (84, 2), (71, 2), (82, 2), (96, 2), 
Generation 5:(21, 1), (37, 1), (25, 1), (20, 1), (44, 1), (2, 1), (8, 1), (18, 1), (30, 1), (43, 1), (45, 1), (27, 1), (35, 1), (40, 1), (7, 1), (19, 1), (10, 1), (4, 1), (33, 1), (9, 1), (65, 2), (66, 2), (91, 2), (62, 2), (84, 2), (85, 2), (71, 2), (53, 2), (99, 2), (93, 2), (98, 2), (88, 2), (60, 2), (79, 2), (80, 2), (78, 2), (82, 2), (63, 2), (77, 2), (92, 2), 
Generation 6:(17, 1), (45, 1), (34, 1), (32, 1), (20, 1), (10, 1), (16, 1), (25, 1), (38, 1), (31, 1), (36, 1), (43, 1), (14, 1), (6, 1), (37, 1), (35, 1), (19, 1), (3, 1), (18, 1), (44, 1), (93, 2), (70, 2), (94, 2), (61, 2), (85, 2), (69, 2), (54, 2), (91, 2), (57, 2), (52, 2), (60, 2), (63, 2), (53, 2), (64, 2), (82, 2), (89, 2), (98, 2), (88, 2), (95, 2), (65, 2), 
Generation 7:(11, 1), (37, 1), (9, 1), (20, 1), (43, 1), (32, 1), (16, 1), (34, 1), (29, 1), (25, 1), (17, 1), (2, 1), (31, 1), (27, 1), (35, 1), (38, 1), (15, 1), (40, 1), (21, 1), (33, 1), (68, 2), (71, 2), (97, 2), (75, 2), (62, 2), (91, 2), (57, 2), (74, 2), (76, 2), (61, 2), (93, 2), (59, 2), (65, 2), (85, 2), (55, 2), (92, 2), (88, 2), (58, 2), (86, 2), (81, 2), 
Generation 8:(20, 1), (2, 1), (16, 1), (14, 1), (1, 1), (13, 1), (39, 1), (33, 1), (27, 1), (45, 1), (42, 1), (25, 1), (38, 1), (31, 1), (44, 1), (30, 1), (5, 1), (23, 1), (21, 1), (10, 1), (71, 2), (86, 2), (82, 2), (76, 2), (58, 2), (85, 2), (92, 2), (67, 2), (87, 2), (88, 2), (74, 2), (78, 2), (99, 2), (96, 2), (61, 2), (75, 2), (56, 2), (79, 2), (57, 2), (62, 2), 
Generation 9:(16, 1), (37, 1), (3, 1), (27, 1), (44, 1), (20, 1), (5, 1), (24, 1), (32, 1), (21, 1), (4, 1), (13, 1), (38, 1), (9, 1), (23, 1), (14, 1), (18, 1), (15, 1), (47, 1), (42, 1), (81, 2), (92, 2), (78, 2), (65, 2), (67, 2), (60, 2), (89, 2), (93, 2), (57, 2), (77, 2), (56, 2), (85, 2), (59, 2), (86, 2), (99, 2), (80, 2), (87, 2), (79, 2), (84, 2), (66, 2), 
Generation 10:(49, 1), (10, 1), (44, 1), (6, 1), (9, 1), (31, 1), (21, 1), (32, 1), (36, 1), (45, 1), (7, 1), (24, 1), (47, 1), (26, 1), (35, 1), (27, 1), (43, 1), (8, 1), (17, 1), (2, 1), (64, 2), (90, 2), (72, 2), (89, 2), (91, 2), (71, 2), (73, 2), (99, 2), (63, 2), (77, 2), (65, 2), (85, 2), (92, 2), (96, 2), (68, 2), (82, 2), (70, 2), (57, 2), (83, 2), (75, 2), 
Generation 11:(13, 1), (50, 1), (6, 1), (4, 1), (42, 1), (0, 1), (24, 1), (5, 1), (33, 1), (37, 1), (10, 1), (46, 1), (1, 1), (28, 1), (21, 1), (29, 1), (22, 1), (40, 1), (23, 1), (39, 1), (69, 2), (61, 2), (77, 2), (58, 2), (97, 2), (81, 2), (92, 2), (72, 2), (78, 2), (89, 2), (57, 2), (66, 2), (79, 2), (71, 2), (99, 2), (64, 2), (76, 2), (98, 2), (94, 2), (67, 2), 
Generation 12:(24, 1), (46, 1), (44, 1), (12, 1), (8, 1), (13, 1), (29, 1), (39, 1), (1, 1), (0, 1), (32, 1), (25, 1), (42, 1), (17, 1), (26, 1), (2, 1), (50, 1), (52, 1), (3, 1), (18, 1), (99, 2), (58, 2), (86, 2), (64, 2), (78, 2), (75, 2), (88, 2), (71, 2), (97, 2), (92, 2), (59, 2), (85, 2), (63, 2), (91, 2), (62, 2), (57, 2), (95, 2), (79, 2), (74, 2), (66, 2), 
Generation 13:(25, 1), (26, 1), (16, 1), (21, 1), (30, 1), (50, 1), (14, 1), (11, 1), (46, 1), (2, 1), (36, 1), (19, 1), (53, 1), (27, 1), (35, 1), (48, 1), (43, 1), (38, 1), (49, 1), (10, 1), (72, 2), (97, 2), (59, 2), (69, 2), (67, 2), (95, 2), (70, 2), (98, 2), (77, 2), (85, 2), (88, 2), (60, 2), (93, 2), (82, 2), (81, 2), (94, 2), (79, 2), (62, 2), (61, 2), (83, 2), 
Generation 14:(5, 1), (35, 1), (40, 1), (37, 1), (6, 1), (47, 1), (26, 1), (18, 1), (17, 1), (49, 1), (53, 1), (13, 1), (42, 1), (30, 1), (3, 1), (20, 1), (0, 1), (44, 1), (10, 1), (52, 1), (83, 2), (76, 2), (66, 2), (84, 2), (86, 2), (67, 2), (79, 2), (90, 2), (95, 2), (71, 2), (93, 2), (58, 2), (88, 2), (69, 2), (65, 2), (63, 2), (60, 2), (85, 2), (61, 2), (73, 2), 
Generation 15:(5, 1), (20, 1), (25, 1), (6, 1), (3, 1), (31, 1), (37, 1), (39, 1), (34, 1), (33, 1), (21, 1), (54, 1), (7, 1), (51, 1), (23, 1), (50, 1), (16, 1), (45, 1), (11, 1), (41, 1), (92, 2), (71, 2), (84, 2), (64, 2), (85, 2), (70, 2), (87, 2), (63, 2), (86, 2), (77, 2), (95, 2), (65, 2), (58, 2), (62, 2), (74, 2), (66, 2), (60, 2), (98, 2), (97, 2), (90, 2), 
Generation 16:(41, 1), (11, 1), (23, 1), (48, 1), (49, 1), (29, 1), (50, 1), (30, 1), (2, 1), (39, 1), (44, 1), (7, 1), (24, 1), (20, 1), (19, 1), (42, 1), (27, 1), (1, 1), (4, 1), (16, 1), (65, 2), (78, 2), (84, 2), (75, 2), (96, 2), (93, 2), (85, 2), (86, 2), (92, 2), (73, 2), (72, 2), (88, 2), (70, 2), (62, 2), (68, 2), (98, 2), (67, 2), (71, 2), (94, 2), (83, 2), 
Generation 17:(11, 1), (36, 1), (13, 1), (29, 1), (45, 1), (26, 1), (37, 1), (23, 1), (34, 1), (4, 1), (44, 1), (49, 1), (6, 1), (38, 1), (22, 1), (30, 1), (27, 1), (15, 1), (9, 1), (19, 1), (84, 2), (65, 2), (76, 2), (93, 2), (68, 2), (72, 2), (78, 2), (89, 2), (94, 2), (88, 2), (71, 2), (61, 2), (73, 2), (64, 2), (79, 2), (82, 2), (98, 2), (90, 2), (97, 2), (77, 2), 
Generation 18:(34, 1), (42, 1), (39, 1), (43, 1), (1, 1), (40, 1), (26, 1), (19, 1), (29, 1), (44, 1), (4, 1), (38, 1), (23, 1), (51, 1), (5, 1), (12, 1), (48, 1), (8, 1), (14, 1), (3, 1), (99, 2), (79, 2), (82, 2), (80, 2), (86, 2), (90, 2), (84, 2), (70, 2), (72, 2), (62, 2), (68, 2), (77, 2), (74, 2), (59, 2), (94, 2), (66, 2), (64, 2), (81, 2), (95, 2), (78, 2), 
Generation 19:(11, 1), (35, 1), (48, 1), (4, 1), (49, 1), (28, 1), (7, 1), (15, 1), (12, 1), (6, 1), (8, 1), (3, 1), (34, 1), (22, 1), (30, 1), (29, 1), (50, 1), (9, 1), (2, 1), (51, 1), (90, 2), (77, 2), (69, 2), (78, 2), (64, 2), (96, 2), (99, 2), (87, 2), (65, 2), (85, 2), (97, 2), (71, 2), (62, 2), (80, 2), (72, 2), (67, 2), (84, 2), (66, 2), (83, 2), (91, 2), 
Generation 20:(6, 1), (35, 1), (2, 1), (51, 1), (11, 1), (48, 1), (52, 1), (23, 1), (5, 1), (16, 1), (42, 1), (21, 1), (17, 1), (25, 1), (43, 1), (49, 1), (26, 1), (45, 1), (33, 1), (38, 1), (88, 2), (69, 2), (85, 2), (70, 2), (64, 2), (61, 2), (68, 2), (74, 2), (81, 2), (71, 2), (87, 2), (84, 2), (94, 2), (62, 2), (82, 2), (89, 2), (96, 2), (63, 2), (77, 2), (97, 2), 
Generation 21:(25, 1), (26, 1), (5, 1), (17, 1), (43, 1), (10, 1), (0, 1), (42, 1), (44, 1), (53, 1), (19, 1), (21, 1), (30, 1), (28, 1), (4, 1), (50, 1), (39, 1), (24, 1), (6, 1), (1, 1), (82, 2), (76, 2), (89, 2), (91, 2), (81, 2), (79, 2), (88, 2), (77, 2), (74, 2), (62, 2), (87, 2), (99, 2), (85, 2), (96, 2), (70, 2), (65, 2), (72, 2), (80, 2), (71, 2), (84, 2), 
Generation 22:(45, 1), (26, 1), (54, 1), (35, 1), (33, 1), (2, 1), (50, 1), (55, 1), (5, 1), (15, 1), (48, 1), (28, 1), (32, 1), (19, 1), (0, 1), (8, 1), (37, 1), (40, 1), (6, 1), (13, 1), (63, 2), (62, 2), (64, 2), (89, 2), (79, 2), (84, 2), (69, 2), (61, 2), (65, 2), (81, 2), (92, 2), (97, 2), (72, 2), (71, 2), (87, 2), (76, 2), (93, 2), (77, 2), (85, 2), (67, 2), 
Generation 23:(1, 1), (21, 1), (51, 1), (19, 1), (10, 1), (49, 1), (8, 1), (16, 1), (6, 1), (47, 1), (24, 1), (39, 1), (14, 1), (38, 1), (53, 1), (17, 1), (55, 1), (40, 1), (5, 1), (52, 1), (90, 2), (89, 2), (81, 2), (66, 2), (64, 2), (67, 2), (68, 2), (95, 2), (75, 2), (77, 2), (73, 2), (91, 2), (88, 2), (60, 2), (69, 2), (74, 2), (71, 2), (63, 2), (92, 2), (98, 2), 
Generation 24:(25, 1), (54, 1), (36, 1), (2, 1), (20, 1), (39, 1), (13, 1), (32, 1), (22, 1), (3, 1), (6, 1), (47, 1), (31, 1), (41, 1), (40, 1), (15, 1), (19, 1), (16, 1), (10, 1), (26, 1), (75, 2), (97, 2), (84, 2), (63, 2), (90, 2), (78, 2), (89, 2), (81, 2), (79, 2), (66, 2), (61, 2), (76, 2), (91, 2), (64, 2), (73, 2), (83, 2), (60, 2), (82, 2), (71, 2), (77, 2), 
Generation 25:(52, 1), (39, 1), (37, 1), (27, 1), (32, 1), (50, 1), (35, 1), (25, 1), (28, 1), (26, 1), (9, 1), (5, 1), (10, 1), (3, 1), (19, 1), (36, 1), (13, 1), (47, 1), (1, 1), (33, 1), (60, 2), (73, 2), (81, 2), (87, 2), (98, 2), (99, 2), (75, 2), (74, 2), (83, 2), (69, 2), (80, 2), (82, 2), (77, 2), (97, 2), (90, 2), (79, 2), (63, 2), (93, 2), (71, 2), (61, 2), 
Generation 26:(24, 1), (42, 1), (48, 1), (22, 1), (10, 1), (33, 1), (38, 1), (44, 1), (28, 1), (20, 1), (52, 1), (51, 1), (47, 1), (29, 1), (23, 1), (6, 1), (34, 1), (27, 1), (2, 1), (16, 1), (82, 2), (92, 2), (90, 2), (99, 2), (93, 2), (98, 2), (81, 2), (76, 2), (83, 2), (75, 2), (96, 2), (59, 2), (68, 2), (78, 2), (85, 2), (97, 2), (67, 2), (80, 2), (94, 2), (63, 2), 
Generation 27:(8, 1), (13, 1), (22, 1), (23, 1), (28, 1), (36, 1), (19, 1), (9, 1), (32, 1), (24, 1), (25, 1), (33, 1), (49, 1), (30, 1), (5, 1), (18, 1), (27, 1), (29, 1), (10, 1), (53, 1), (98, 2), (64, 2), (77, 2), (81, 2), (70, 2), (62, 2), (83, 2), (58, 2), (61, 2), (69, 2), (66, 2), (94, 2), (99, 2), (86, 2), (95, 2), (79, 2), (73, 2), (91, 2), (68, 2), (76, 2), 
Generation 28:(51, 1), (34, 1), (37, 1), (23, 1), (53, 1), (0, 1), (1, 1), (36, 1), (14, 1), (9, 1), (8, 1), (41, 1), (17, 1), (31, 1), (33, 1), (15, 1), (2, 1), (13, 1), (38, 1), (42, 1), (92, 2), (62, 2), (72, 2), (75, 2), (84, 2), (96, 2), (88, 2), (65, 2), (63, 2), (67, 2), (61, 2), (95, 2), (87, 2), (89, 2), (64, 2), (98, 2), (93, 2), (71, 2), (78, 2), (91, 2), 
Generation 29:(42, 1), (44, 1), (53, 1), (20, 1), (31, 1), (19, 1), (18, 1), (7, 1), (46, 1), (49, 1), (54, 1), (50, 1), (11, 1), (2, 1), (25, 1), (15, 1), (4, 1), (12, 1), (21, 1), (14, 1), (92, 2), (72, 2), (97, 2), (95, 2), (71, 2), (64, 2), (98, 2), (94, 2), (90, 2), (61, 2), (77, 2), (76, 2), (69, 2), (87, 2), (79, 2), (60, 2), (75, 2), (96, 2), (84, 2), (89, 2), 
Generation 30:(25, 1), (33, 1), (40, 1), (13, 1), (50, 1), (21, 1), (29, 1), (14, 1), (20, 1), (44, 1), (26, 1), (52, 1), (17, 1), (51, 1), (32, 1), (5, 1), (10, 1), (12, 1), (27, 1), (3, 1), (95, 2), (85, 2), (79, 2), (70, 2), (61, 2), (89, 2), (96, 2), (64, 2), (83, 2), (73, 2), (84, 2), (90, 2), (78, 2), (93, 2), (76, 2), (99, 2), (72, 2), (77, 2), (68, 2), (59, 2), 
Generation 31:(16, 1), (6, 1), (52, 1), (46, 1), (31, 1), (49, 1), (39, 1), (40, 1), (44, 1), (47, 1), (38, 1), (53, 1), (2, 1), (12, 1), (15, 1), (20, 1), (11, 1), (29, 1), (1, 1), (19, 1), (62, 2), (91, 2), (85, 2), (77, 2), (95, 2), (76, 2), (60, 2), (64, 2), (99, 2), (92, 2), (73, 2), (70, 2), (74, 2), (88, 2), (59, 2), (84, 2), (58, 2), (87, 2), (71, 2), (81, 2), 
Generation 32:(4, 1), (7, 1), (2, 1), (14, 1), (22, 1), (9, 1), (47, 1), (21, 1), (24, 1), (15, 1), (51, 1), (45, 1), (42, 1), (38, 1), (31, 1), (39, 1), (41, 1), (23, 1), (6, 1), (10, 1), (72, 2), (88, 2), (89, 2), (65, 2), (94, 2), (95, 2), (62, 2), (70, 2), (87, 2), (66, 2), (69, 2), (86, 2), (64, 2), (85, 2), (74, 2), (63, 2), (77, 2), (73, 2), (92, 2), (83, 2), 
Generation 33:(12, 1), (13, 1), (43, 1), (3, 1), (41, 1), (22, 1), (10, 1), (15, 1), (42, 1), (7, 1), (36, 1), (31, 1), (25, 1), (11, 1), (40, 1), (5, 1), (46, 1), (0, 1), (53, 1), (8, 1), (81, 2), (75, 2), (94, 2), (68, 2), (63, 2), (83, 2), (66, 2), (92, 2), (62, 2), (65, 2), (82, 2), (85, 2), (72, 2), (69, 2), (70, 2), (99, 2), (90, 2), (98, 2), (91, 2), (73, 2), 
Generation 34:(17, 1), (0, 1), (41, 1), (51, 1), (52, 1), (31, 1), (30, 1), (6, 1), (21, 1), (19, 1), (12, 1), (36, 1), (1, 1), (26, 1), (8, 1), (11, 1), (27, 1), (54, 1), (23, 1), (4, 1), (61, 2), (93, 2), (73, 2), (65, 2), (72, 2), (79, 2), (81, 2), (91, 2), (86, 2), (98, 2), (69, 2), (88, 2), (78, 2), (99, 2), (76, 2), (96, 2), (90, 2), (77, 2), (95, 2), (83, 2), 
Generation 35:(54, 1), (11, 1), (36, 1), (51, 1), (47, 1), (6, 1), (41, 1), (32, 1), (39, 1), (24, 1), (49, 1), (13, 1), (3, 1), (46, 1), (10, 1), (23, 1), (8, 1), (34, 1), (55, 1), (15, 1), (98, 2), (77, 2), (67, 2), (86, 2), (73, 2), (82, 2), (60, 2), (87, 2), (89, 2), (83, 2), (70, 2), (68, 2), (99, 2), (72, 2), (96, 2), (61, 2), (63, 2), (85, 2), (64, 2), (90, 2), 
Generation 36:(17, 1), (45, 1), (51, 1), (10, 1), (25, 1), (12, 1), (54, 1), (35, 1), (28, 1), (36, 1), (34, 1), (30, 1), (40, 1), (26, 1), (11, 1), (46, 1), (2, 1), (18, 1), (55, 1), (48, 1), (94, 2), (78, 2), (63, 2), (88, 2), (87, 2), (81, 2), (93, 2), (60, 2), (74, 2), (61, 2), (79, 2), (98, 2), (82, 2), (80, 2), (90, 2), (62, 2), (66, 2), (92, 2), (89, 2), (83, 2), 
Generation 37:(6, 1), (46, 1), (33, 1), (23, 1), (53, 1), (2, 1), (38, 1), (49, 1), (25, 1), (54, 1), (50, 1), (26, 1), (47, 1), (5, 1), (11, 1), (30, 1), (17, 1), (27, 1), (44, 1), (55, 1), (99, 2), (88, 2), (64, 2), (95, 2), (70, 2), (94, 2), (84, 2), (61, 2), (89, 2), (80, 2), (79, 2), (63, 2), (98, 2), (73, 2), (77, 2), (68, 2), (92, 2), (93, 2), (97, 2), (85, 2), 
Generation 38:(4, 1), (42, 1), (48, 1), (50, 1), (54, 1), (8, 1), (33, 1), (29, 1), (51, 1), (53, 1), (41, 1), (26, 1), (49, 1), (34, 1), (28, 1), (25, 1), (27, 1), (6, 1), (15, 1), (44, 1), (88, 2), (83, 2), (70, 2), (94, 2), (61, 2), (85, 2), (99, 2), (79, 2), (69, 2), (60, 2), (77, 2), (89, 2), (91, 2), (65, 2), (92, 2), (84, 2), (74, 2), (97, 2), (64, 2), (68, 2), 
Generation 39:(40, 1), (8, 1), (34, 1), (24, 1), (9, 1), (1, 1), (52, 1), (11, 1), (29, 1), (47, 1), (17, 1), (42, 1), (12, 1), (38, 1), (21, 1), (32, 1), (30, 1), (53, 1), (37, 1), (49, 1), (68, 2), (81, 2), (62, 2), (93, 2), (75, 2), (90, 2), (86, 2), (92, 2), (77, 2), (64, 2), (84, 2), (76, 2), (97, 2), (72, 2), (78, 2), (59, 2), (94, 2), (66, 2), (85, 2), (69, 2), 
Generation 40:(29, 1), (22, 1), (0, 1), (6, 1), (53, 1), (2, 1), (15, 1), (21, 1), (45, 1), (19, 1), (52, 1), (46, 1), (16, 1), (31, 1), (24, 1), (18, 1), (17, 1), (37, 1), (54, 1), (34, 1), (74, 2), (66, 2), (77, 2), (83, 2), (81, 2), (79, 2), (73, 2), (61, 2), (95, 2), (67, 2), (82, 2), (76, 2), (85, 2), (90, 2), (64, 2), (60, 2), (68, 2), (80, 2), (94, 2), (99, 2), 
Generation 41:(4, 1), (34, 1), (52, 1), (17, 1), (5, 1), (48, 1), (43, 1), (31, 1), (1, 1), (18, 1), (54, 1), (2, 1), (35, 1), (6, 1), (0, 1), (41, 1), (9, 1), (8, 1), (7, 1), (40, 1), (92, 2), (80, 2), (62, 2), (64, 2), (76, 2), (99, 2), (79, 2), (91, 2), (82, 2), (72, 2), (69, 2), (97, 2), (95, 2), (60, 2), (61, 2), (78, 2), (81, 2), (83, 2), (96, 2), (63, 2), 
Generation 42:(30, 1), (40, 1), (3, 1), (26, 1), (48, 1), (54, 1), (4, 1), (21, 1), (25, 1), (45, 1), (29, 1), (16, 1), (37, 1), (32, 1), (2, 1), (20, 1), (49, 1), (43, 1), (6, 1), (50, 1), (75, 2), (90, 2), (65, 2), (76, 2), (98, 2), (78, 2), (61, 2), (72, 2), (95, 2), (92, 2), (70, 2), (94, 2), (68, 2), (86, 2), (85, 2), (77, 2), (67, 2), (59, 2), (64, 2), (62, 2), 
Generation 43:(24, 1), (8, 1), (2, 1), (27, 1), (9, 1), (4, 1), (47, 1), (48, 1), (38, 1), (55, 1), (19, 1), (49, 1), (26, 1), (50, 1), (31, 1), (17, 1), (25, 1), (42, 1), (52, 1), (34, 1), (80, 2), (98, 2), (74, 2), (95, 2), (63, 2), (62, 2), (66, 2), (75, 2), (78, 2), (99, 2), (93, 2), (87, 2), (84, 2), (86, 2), (82, 2), (67, 2), (59, 2), (79, 2), (71, 2), (68, 2), 
Generation 44:(39, 1), (48, 1), (11, 1), (6, 1), (15, 1), (2, 1), (38, 1), (36, 1), (21, 1), (17, 1), (33, 1), (14, 1), (3, 1), (7, 1), (16, 1), (24, 1), (25, 1), (20, 1), (31, 1), (51, 1), (94, 2), (81, 2), (61, 2), (96, 2), (69, 2), (82, 2), (71, 2), (84, 2), (79, 2), (89, 2), (99, 2), (87, 2), (97, 2), (76, 2), (63, 2), (73, 2), (86, 2), (62, 2), (68, 2), (83, 2), 
Generation 45:(21, 1), (35, 1), (27, 1), (33, 1), (19, 1), (28, 1), (5, 1), (6, 1), (43, 1), (44, 1), (38, 1), (36, 1), (2, 1), (32, 1), (26, 1), (0, 1), (53, 1), (15, 1), (9, 1), (45, 1), (62, 2), (89, 2), (74, 2), (92, 2), (95, 2), (97, 2), (96, 2), (98, 2), (88, 2), (86, 2), (66, 2), (99, 2), (73, 2), (81, 2), (85, 2), (67, 2), (87, 2), (68, 2), (72, 2), (91, 2), 
Generation 46:(9, 1), (11, 1), (20, 1), (55, 1), (21, 1), (10, 1), (22, 1), (37, 1), (24, 1), (6, 1), (18, 1), (46, 1), (5, 1), (25, 1), (28, 1), (30, 1), (32, 1), (44, 1), (33, 1), (47, 1), (82, 2), (77, 2), (89, 2), (74, 2), (69, 2), (75, 2), (61, 2), (93, 2), (73, 2), (86, 2), (90, 2), (80, 2), (94, 2), (68, 2), (81, 2), (72, 2), (97, 2), (78, 2), (64, 2), (98, 2), 
Generation 47:(51, 1), (14, 1), (5, 1), (4, 1), (0, 1), (52, 1), (30, 1), (41, 1), (24, 1), (25, 1), (27, 1), (8, 1), (7, 1), (28, 1), (55, 1), (29, 1), (3, 1), (9, 1), (40, 1), (38, 1), (80, 2), (71, 2), (70, 2), (94, 2), (76, 2), (97, 2), (91, 2), (98, 2), (79, 2), (90, 2), (96, 2), (61, 2), (60, 2), (83, 2), (66, 2), (85, 2), (64, 2), (82, 2), (74, 2), (73, 2), 
Generation 48:(19, 1), (17, 1), (46, 1), (49, 1), (16, 1), (22, 1), (5, 1), (56, 1), (29, 1), (35, 1), (3, 1), (30, 1), (25, 1), (41, 1), (6, 1), (0, 1), (31, 1), (11, 1), (9, 1), (53, 1), (85, 2), (64, 2), (74, 2), (79, 2), (96, 2), (70, 2), (73, 2), (83, 2), (93, 2), (66, 2), (89, 2), (80, 2), (98, 2), (76, 2), (95, 2), (86, 2), (61, 2), (77, 2), (68, 2), (91, 2), 
Generation 49:(51, 1), (43, 1), (2, 1), (35, 1), (37, 1), (46, 1), (1, 1), (0, 1), (29, 1), (11, 1), (56, 1), (23, 1), (45, 1), (34, 1), (9, 1), (25, 1), (38, 1), (19, 1), (32, 1), (31, 1), (87, 2), (65, 2), (90, 2), (73, 2), (84, 2), (96, 2), (79, 2), (74, 2), (62, 2), (91, 2), (80, 2), (64, 2), (93, 2), (88, 2), (98, 2), (89, 2), (77, 2), (82, 2), (92, 2), (61, 2), 
Generation 50:(12, 1), (29, 1), (5, 1), (45, 1), (55, 1), (31, 1), (34, 1), (1, 1), (50, 1), (47, 1), (51, 1), (38, 1), (25, 1), (23, 1), (27, 1), (16, 1), (56, 1), (21, 1), (32, 1), (6, 1), (90, 2), (87, 2), (76, 2), (63, 2), (65, 2), (69, 2), (64, 2), (89, 2), (94, 2), (85, 2), (81, 2), (79, 2), (80, 2), (75, 2), (96, 2), (91, 2), (67, 2), (97, 2), (61, 2), (71, 2), 
Generation 51:(4, 1), (56, 1), (37, 1), (47, 1), (3, 1), (19, 1), (28, 1), (9, 1), (43, 1), (48, 1), (16, 1), (44, 1), (32, 1), (14, 1), (22, 1), (52, 1), (0, 1), (20, 1), (55, 1), (23, 1), (93, 2), (68, 2), (95, 2), (73, 2), (90, 2), (71, 2), (88, 2), (74, 2), (98, 2), (65, 2), (96, 2), (83, 2), (63, 2), (62, 2), (87, 2), (97, 2), (81, 2), (66, 2), (69, 2), (94, 2), 
Generation 52:(17, 1), (43, 1), (16, 1), (56, 1), (46, 1), (34, 1), (18, 1), (6, 1), (50, 1), (14, 1), (36, 1), (3, 1), (31, 1), (51, 1), (53, 1), (39, 1), (10, 1), (54, 1), (42, 1), (12, 1), (89, 2), (69, 2), (95, 2), (64, 2), (71, 2), (67, 2), (70, 2), (73, 2), (87, 2), (88, 2), (91, 2), (93, 2), (97, 2), (78, 2), (82, 2), (85, 2), (61, 2), (83, 2), (65, 2), (80, 2), 
Generation 53:(47, 1), (2, 1), (10, 1), (8, 1), (16, 1), (22, 1), (28, 1), (20, 1), (38, 1), (46, 1), (51, 1), (32, 1), (15, 1), (34, 1), (53, 1), (4, 1), (36, 1), (41, 1), (11, 1), (48, 1), (78, 2), (83, 2), (95, 2), (79, 2), (85, 2), (63, 2), (62, 2), (94, 2), (64, 2), (69, 2), (61, 2), (71, 2), (74, 2), (88, 2), (86, 2), (96, 2), (72, 2), (90, 2), (73, 2), (99, 2), 
Generation 54:(36, 1), (47, 1), (33, 1), (26, 1), (0, 1), (23, 1), (5, 1), (28, 1), (39, 1), (48, 1), (2, 1), (22, 1), (45, 1), (38, 1), (52, 1), (21, 1), (24, 1), (1, 1), (42, 1), (14, 1), (61, 2), (77, 2), (87, 2), (80, 2), (71, 2), (95, 2), (83, 2), (88, 2), (73, 2), (67, 2), (94, 2), (63, 2), (86, 2), (76, 2), (90, 2), (66, 2), (64, 2), (72, 2), (84, 2), (65, 2), 
Generation 55:(47, 1), (41, 1), (27, 1), (16, 1), (13, 1), (37, 1), (10, 1), (42, 1), (4, 1), (2, 1), (53, 1), (1, 1), (23, 1), (39, 1), (7, 1), (20, 1), (25, 1), (12, 1), (9, 1), (0, 1), (91, 2), (60, 2), (90, 2), (89, 2), (85, 2), (87, 2), (88, 2), (86, 2), (77, 2), (98, 2), (75, 2), (69, 2), (72, 2), (99, 2), (83, 2), (64, 2), (97, 2), (80, 2), (94, 2), (63, 2), 
Generation 56:(45, 1), (14, 1), (0, 1), (47, 1), (42, 1), (39, 1), (11, 1), (37, 1), (51, 1), (34, 1), (26, 1), (30, 1), (13, 1), (7, 1), (3, 1), (44, 1), (16, 1), (38, 1), (49, 1), (50, 1), (76, 2), (91, 2), (72, 2), (74, 2), (63, 2), (77, 2), (60, 2), (68, 2), (70, 2), (85, 2), (73, 2), (88, 2), (61, 2), (95, 2), (93, 2), (82, 2), (79, 2), (75, 2), (96, 2), (78, 2), 
Generation 57:(7, 1), (18, 1), (6, 1), (24, 1), (48, 1), (4, 1), (3, 1), (47, 1), (49, 1), (10, 1), (45, 1), (2, 1), (41, 1), (0, 1), (42, 1), (52, 1), (5, 1), (13, 1), (38, 1), (25, 1), (87, 2), (70, 2), (91, 2), (96, 2), (93, 2), (68, 2), (95, 2), (83, 2), (89, 2), (77, 2), (98, 2), (69, 2), (61, 2), (62, 2), (71, 2), (67, 2), (76, 2), (99, 2), (97, 2), (85, 2), 
Generation 58:(51, 1), (22, 1), (15, 1), (13, 1), (29, 1), (52, 1), (41, 1), (42, 1), (33, 1), (6, 1), (25, 1), (14, 1), (3, 1), (8, 1), (12, 1), (19, 1), (39, 1), (5, 1), (50, 1), (10, 1), (62, 2), (95, 2), (74, 2), (83, 2), (71, 2), (92, 2), (60, 2), (73, 2), (65, 2), (97, 2), (85, 2), (81, 2), (87, 2), (98, 2), (89, 2), (86, 2), (94, 2), (64, 2), (63, 2), (75, 2), 
Generation 59:(0, 1), (51, 1), (12, 1), (34, 1), (11, 1), (48, 1), (37, 1), (18, 1), (49, 1), (14, 1), (32, 1), (15, 1), (33, 1), (9, 1), (46, 1), (25, 1), (8, 1), (26, 1), (22, 1), (47, 1), (79, 2), (81, 2), (64, 2), (66, 2), (68, 2), (95, 2), (78, 2), (91, 2), (96, 2), (62, 2), (97, 2), (99, 2), (73, 2), (82, 2), (70, 2), (60, 2), (86, 2), (83, 2), (75, 2), (63, 2), 
Generation 60:(5, 1), (6, 1), (15, 1), (13, 1), (38, 1), (0, 1), (47, 1), (18, 1), (28, 1), (17, 1), (7, 1), (34, 1), (22, 1), (41, 1), (14, 1), (8, 1), (39, 1), (53, 1), (52, 1), (45, 1), (59, 2), (65, 2), (78, 2), (73, 2), (74, 2), (72, 2), (70, 2), (69, 2), (96, 2), (85, 2), (90, 2), (98, 2), (66, 2), (75, 2), (84, 2), (93, 2), (94, 2), (61, 2), (76, 2), (64, 2), 
Generation 61:(38, 1), (33, 1), (22, 1), (20, 1), (19, 1), (51, 1), (36, 1), (31, 1), (3, 1), (15, 1), (12, 1), (44, 1), (30, 1), (18, 1), (47, 1), (6, 1), (37, 1), (24, 1), (23, 1), (0, 1), (69, 2), (70, 2), (97, 2), (88, 2), (95, 2), (76, 2), (99, 2), (61, 2), (59, 2), (79, 2), (84, 2), (85, 2), (96, 2), (87, 2), (77, 2), (90, 2), (62, 2), (86, 2), (94, 2), (82, 2), 
Generation 62:(13, 1), (38, 1), (26, 1), (19, 1), (27, 1), (48, 1), (49, 1), (25, 1), (37, 1), (30, 1), (5, 1), (51, 1), (39, 1), (52, 1), (43, 1), (28, 1), (40, 1), (16, 1), (7, 1), (6, 1), (80, 2), (70, 2), (93, 2), (83, 2), (89, 2), (67, 2), (82, 2), (74, 2), (98, 2), (63, 2), (60, 2), (78, 2), (72, 2), (77, 2), (61, 2), (96, 2), (95, 2), (90, 2), (91, 2), (65, 2), 
Generation 63:(38, 1), (24, 1), (10, 1), (36, 1), (9, 1), (4, 1), (28, 1), (52, 1), (12, 1), (11, 1), (23, 1), (40, 1), (42, 1), (50, 1), (35, 1), (14, 1), (34, 1), (8, 1), (1, 1), (25, 1), (80, 2), (98, 2), (68, 2), (76, 2), (59, 2), (78, 2), (71, 2), (74, 2), (95, 2), (70, 2), (93, 2), (99, 2), (84, 2), (88, 2), (73, 2), (65, 2), (94, 2), (64, 2), (63, 2), (75, 2), 
Generation 64:(12, 1), (52, 1), (10, 1), (31, 1), (44, 1), (25, 1), (36, 1), (7, 1), (15, 1), (3, 1), (0, 1), (21, 1), (5, 1), (53, 1), (9, 1), (18, 1), (46, 1), (37, 1), (1, 1), (13, 1), (75, 2), (61, 2), (90, 2), (67, 2), (74, 2), (88, 2), (94, 2), (77, 2), (58, 2), (96, 2), (98, 2), (62, 2), (84, 2), (76, 2), (70, 2), (85, 2), (97, 2), (72, 2), (87, 2), (73, 2), 
Generation 65:(37, 1), (33, 1), (0, 1), (2, 1), (6, 1), (20, 1), (28, 1), (43, 1), (31, 1), (40, 1), (23, 1), (49, 1), (26, 1), (14, 1), (16, 1), (46, 1), (10, 1), (34, 1), (41, 1), (22, 1), (91, 2), (92, 2), (95, 2), (97, 2), (58, 2), (70, 2), (78, 2), (99, 2), (88, 2), (96, 2), (81, 2), (60, 2), (87, 2), (59, 2), (65, 2), (93, 2), (74, 2), (72, 2), (69, 2), (77, 2), 
Generation 66:(5, 1), (21, 1), (45, 1), (48, 1), (46, 1), (27, 1), (51, 1), (43, 1), (15, 1), (33, 1), (23, 1), (36, 1), (22, 1), (7, 1), (32, 1), (30, 1), (10, 1), (49, 1), (13, 1), (14, 1), (57, 2), (70, 2), (73, 2), (69, 2), (59, 2), (81, 2), (68, 2), (99, 2), (83, 2), (79, 2), (80, 2), (77, 2), (92, 2), (64, 2), (94, 2), (95, 2), (75, 2), (78, 2), (74, 2), (87, 2), 
Generation 67:(5, 1), (32, 1), (42, 1), (21, 1), (10, 1), (47, 1), (31, 1), (17, 1), (51, 1), (23, 1), (46, 1), (11, 1), (49, 1), (0, 1), (26, 1), (50, 1), (2, 1), (44, 1), (20, 1), (25, 1), (84, 2), (77, 2), (74, 2), (56, 2), (79, 2), (63, 2), (99, 2), (91, 2), (90, 2), (87, 2), (80, 2), (62, 2), (69, 2), (72, 2), (73, 2), (97, 2), (85, 2), (94, 2), (59, 2), (58, 2), 
Generation 68:(52, 1), (45, 1), (34, 1), (38, 1), (7, 1), (1, 1), (22, 1), (44, 1), (48, 1), (0, 1), (21, 1), (40, 1), (39, 1), (23, 1), (28, 1), (51, 1), (11, 1), (13, 1), (17, 1), (15, 1), (75, 2), (77, 2), (76, 2), (60, 2), (93, 2), (95, 2), (88, 2), (96, 2), (72, 2), (63, 2), (98, 2), (82, 2), (94, 2), (78, 2), (73, 2), (74, 2), (68, 2), (79, 2), (91, 2), (56, 2), 
Generation 69:(5, 1), (45, 1), (18, 1), (0, 1), (22, 1), (17, 1), (38, 1), (30, 1), (52, 1), (43, 1), (28, 1), (31, 1), (7, 1), (15, 1), (44, 1), (13, 1), (27, 1), (39, 1), (20, 1), (35, 1), (81, 2), (82, 2), (89, 2), (63, 2), (92, 2), (91, 2), (74, 2), (72, 2), (65, 2), (73, 2), (78, 2), (70, 2), (56, 2), (57, 2), (90, 2), (62, 2), (93, 2), (76, 2), (94, 2), (79, 2), 
Generation 70:(4, 1), (7, 1), (10, 1), (17, 1), (20, 1), (11, 1), (35, 1), (5, 1), (29, 1), (47, 1), (19, 1), (38, 1), (51, 1), (25, 1), (3, 1), (31, 1), (40, 1), (15, 1), (28, 1), (0, 1), (76, 2), (70, 2), (61, 2), (92, 2), (82, 2), (58, 2), (64, 2), (98, 2), (59, 2), (96, 2), (66, 2), (95, 2), (87, 2), (77, 2), (86, 2), (71, 2), (80, 2), (84, 2), (88, 2), (60, 2), 
Generation 71:(39, 1), (49, 1), (5, 1), (11, 1), (27, 1), (17, 1), (10, 1), (34, 1), (31, 1), (36, 1), (15, 1), (45, 1), (23, 1), (25, 1), (40, 1), (2, 1), (37, 1), (53, 1), (12, 1), (35, 1), (59, 2), (93, 2), (99, 2), (70, 2), (69, 2), (75, 2), (94, 2), (87, 2), (96, 2), (83, 2), (74, 2), (72, 2), (90, 2), (82, 2), (89, 2), (86, 2), (71, 2), (61, 2), (79, 2), (65, 2), 
Generation 72:(26, 1), (46, 1), (44, 1), (2, 1), (34, 1), (5, 1), (10, 1), (14, 1), (28, 1), (42, 1), (32, 1), (31, 1), (49, 1), (33, 1), (6, 1), (20, 1), (9, 1), (16, 1), (18, 1), (3, 1), (96, 2), (92, 2), (71, 2), (68, 2), (98, 2), (74, 2), (66, 2), (78, 2), (65, 2), (93, 2), (87, 2), (91, 2), (59, 2), (94, 2), (81, 2), (69, 2), (84, 2), (83, 2), (86, 2), (70, 2), 
Generation 73:(28, 1), (3, 1), (40, 1), (50, 1), (18, 1), (36, 1), (15, 1), (13, 1), (25, 1), (32, 1), (16, 1), (2, 1), (39, 1), (11, 1), (41, 1), (9, 1), (38, 1), (21, 1), (26, 1), (20, 1), (58, 2), (98, 2), (91, 2), (63, 2), (81, 2), (93, 2), (78, 2), (89, 2), (95, 2), (75, 2), (74, 2), (90, 2), (60, 2), (83, 2), (65, 2), (86, 2), (88, 2), (79, 2), (64, 2), (80, 2), 
Generation 74:(46, 1), (8, 1), (13, 1), (47, 1), (23, 1), (3, 1), (39, 1), (7, 1), (17, 1), (5, 1), (10, 1), (1, 1), (30, 1), (21, 1), (24, 1), (19, 1), (28, 1), (27, 1), (43, 1), (51, 1), (91, 2), (79, 2), (84, 2), (61, 2), (73, 2), (63, 2), (93, 2), (74, 2), (90, 2), (60, 2), (77, 2), (97, 2), (65, 2), (64, 2), (69, 2), (88, 2), (80, 2), (72, 2), (78, 2), (66, 2), 
Generation 75:(7, 1), (33, 1), (50, 1), (46, 1), (49, 1), (5, 1), (26, 1), (31, 1), (23, 1), (40, 1), (2, 1), (6, 1), (30, 1), (24, 1), (41, 1), (0, 1), (32, 1), (16, 1), (53, 1), (9, 1), (76, 2), (78, 2), (62, 2), (65, 2), (96, 2), (61, 2), (69, 2), (83, 2), (90, 2), (89, 2), (68, 2), (60, 2), (75, 2), (73, 2), (82, 2), (74, 2), (92, 2), (64, 2), (63, 2), (81, 2), 
Generation 76:(39, 1), (38, 1), (35, 1), (21, 1), (40, 1), (42, 1), (18, 1), (32, 1), (48, 1), (33, 1), (51, 1), (8, 1), (10, 1), (41, 1), (6, 1), (47, 1), (34, 1), (11, 1), (0, 1), (31, 1), (97, 2), (90, 2), (61, 2), (81, 2), (68, 2), (85, 2), (94, 2), (87, 2), (63, 2), (60, 2), (83, 2), (62, 2), (69, 2), (92, 2), (73, 2), (89, 2), (79, 2), (72, 2), (64, 2), (75, 2), 
Generation 77:(33, 1), (28, 1), (36, 1), (37, 1), (25, 1), (39, 1), (34, 1), (47, 1), (14, 1), (21, 1), (16, 1), (31, 1), (48, 1), (49, 1), (22, 1), (10, 1), (32, 1), (13, 1), (7, 1), (17, 1), (92, 2), (68, 2), (74, 2), (84, 2), (88, 2), (96, 2), (90, 2), (66, 2), (78, 2), (73, 2), (76, 2), (83, 2), (80, 2), (60, 2), (65, 2), (87, 2), (94, 2), (89, 2), (86, 2), (61, 2), 
Generation 78:(19, 1), (24, 1), (45, 1), (29, 1), (10, 1), (0, 1), (32, 1), (18, 1), (28, 1), (9, 1), (7, 1), (11, 1), (33, 1), (46, 1), (4, 1), (26, 1), (35, 1), (38, 1), (20, 1), (40, 1), (99, 2), (81, 2), (67, 2), (94, 2), (80, 2), (93, 2), (69, 2), (88, 2), (98, 2), (71, 2), (86, 2), (60, 2), (90, 2), (63, 2), (87, 2), (84, 2), (97, 2), (70, 2), (83, 2), (79, 2), 
Generation 79:(8, 1), (43, 1), (45, 1), (36, 1), (21, 1), (29, 1), (5, 1), (2, 1), (17, 1), (19, 1), (26, 1), (39, 1), (16, 1), (15, 1), (11, 1), (37, 1), (14, 1), (4, 1), (25, 1), (30, 1), (80, 2), (92, 2), (99, 2), (87, 2), (82, 2), (93, 2), (68, 2), (85, 2), (94, 2), (76, 2), (96, 2), (60, 2), (73, 2), (63, 2), (72, 2), (57, 2), (61, 2), (77, 2), (88, 2), (91, 2), 
Generation 80:(35, 1), (47, 1), (43, 1), (23, 1), (2, 1), (17, 1), (3, 1), (27, 1), (5, 1), (41, 1), (11, 1), (25, 1), (18, 1), (29, 1), (28, 1), (19, 1), (13, 1), (6, 1), (37, 1), (34, 1), (60, 2), (80, 2), (85, 2), (61, 2), (59, 2), (78, 2), (63, 2), (57, 2), (58, 2), (72, 2), (92, 2), (98, 2), (64, 2), (62, 2), (82, 2), (89, 2), (90, 2), (74, 2), (83, 2), (71, 2), 
Generation 81:(47, 1), (31, 1), (12, 1), (46, 1), (27, 1), (49, 1), (22, 1), (16, 1), (13, 1), (41, 1), (20, 1), (43, 1), (23, 1), (30, 1), (39, 1), (4, 1), (25, 1), (8, 1), (10, 1), (19, 1), (78, 2), (67, 2), (65, 2), (58, 2), (99, 2), (66, 2), (86, 2), (80, 2), (85, 2), (69, 2), (91, 2), (71, 2), (63, 2), (94, 2), (87, 2), (61, 2), (82, 2), (60, 2), (77, 2), (73, 2), 
Generation 82:(19, 1), (40, 1), (32, 1), (9, 1), (2, 1), (25, 1), (17, 1), (7, 1), (48, 1), (14, 1), (29, 1), (33, 1), (38, 1), (5, 1), (8, 1), (15, 1), (23, 1), (51, 1), (41, 1), (35, 1), (80, 2), (58, 2), (82, 2), (71, 2), (72, 2), (69, 2), (78, 2), (86, 2), (89, 2), (70, 2), (84, 2), (60, 2), (68, 2), (97, 2), (79, 2), (95, 2), (88, 2), (66, 2), (77, 2), (59, 2), 
Generation 83:(7, 1), (41, 1), (10, 1), (13, 1), (15, 1), (8, 1), (49, 1), (50, 1), (31, 1), (46, 1), (38, 1), (11, 1), (39, 1), (45, 1), (33, 1), (34, 1), (14, 1), (36, 1), (40, 1), (3, 1), (60, 2), (94, 2), (99, 2), (82, 2), (86, 2), (65, 2), (57, 2), (90, 2), (87, 2), (69, 2), (92, 2), (70, 2), (58, 2), (76, 2), (91, 2), (98, 2), (62, 2), (63, 2), (96, 2), (64, 2), 
Generation 84:(10, 1), (23, 1), (40, 1), (43, 1), (6, 1), (15, 1), (46, 1), (49, 1), (52, 1), (44, 1), (39, 1), (50, 1), (12, 1), (24, 1), (3, 1), (36, 1), (29, 1), (4, 1), (51, 1), (37, 1), (86, 2), (67, 2), (95, 2), (80, 2), (98, 2), (58, 2), (64, 2), (87, 2), (59, 2), (75, 2), (61, 2), (69, 2), (77, 2), (66, 2), (82, 2), (88, 2), (76, 2), (63, 2), (89, 2), (73, 2), 
Generation 85:(28, 1), (44, 1), (19, 1), (47, 1), (8, 1), (49, 1), (30, 1), (11, 1), (4, 1), (18, 1), (33, 1), (39, 1), (0, 1), (29, 1), (16, 1), (2, 1), (45, 1), (26, 1), (27, 1), (50, 1), (96, 2), (73, 2), (69, 2), (83, 2), (71, 2), (67, 2), (74, 2), (92, 2), (87, 2), (84, 2), (77, 2), (65, 2), (70, 2), (93, 2), (61, 2), (85, 2), (94, 2), (76, 2), (68, 2), (60, 2), 
Generation 86:(17, 1), (13, 1), (50, 1), (44, 1), (45, 1), (21, 1), (3, 1), (33, 1), (20, 1), (5, 1), (36, 1), (29, 1), (11, 1), (6, 1), (34, 1), (9, 1), (1, 1), (14, 1), (2, 1), (42, 1), (79, 2), (62, 2), (68, 2), (96, 2), (98, 2), (65, 2), (72, 2), (89, 2), (78, 2), (92, 2), (66, 2), (76, 2), (70, 2), (61, 2), (73, 2), (77, 2), (91, 2), (86, 2), (80, 2), (58, 2), 
Generation 87:(23, 1), (8, 1), (4, 1), (28, 1), (50, 1), (42, 1), (35, 1), (37, 1), (10, 1), (16, 1), (5, 1), (39, 1), (25, 1), (3, 1), (32, 1), (45, 1), (36, 1), (7, 1), (34, 1), (26, 1), (86, 2), (67, 2), (63, 2), (88, 2), (80, 2), (87, 2), (77, 2), (92, 2), (66, 2), (60, 2), (83, 2), (97, 2), (91, 2), (89, 2), (85, 2), (71, 2), (93, 2), (65, 2), (95, 2), (59, 2), 
Generation 88:(31, 1), (21, 1), (42, 1), (18, 1), (4, 1), (24, 1), (47, 1), (26, 1), (15, 1), (10, 1), (52, 1), (37, 1), (49, 1), (12, 1), (34, 1), (19, 1), (1, 1), (22, 1), (27, 1), (0, 1), (87, 2), (94, 2), (67, 2), (75, 2), (60, 2), (82, 2), (96, 2), (93, 2), (86, 2), (81, 2), (89, 2), (70, 2), (69, 2), (76, 2), (61, 2), (88, 2), (91, 2), (71, 2), (99, 2), (63, 2), 
Generation 89:(50, 1), (31, 1), (1, 1), (40, 1), (33, 1), (5, 1), (26, 1), (3, 1), (25, 1), (44, 1), (39, 1), (7, 1), (37, 1), (4, 1), (32, 1), (29, 1), (18, 1), (35, 1), (14, 1), (12, 1), (96, 2), (72, 2), (91, 2), (75, 2), (62, 2), (69, 2), (99, 2), (79, 2), (71, 2), (70, 2), (77, 2), (63, 2), (90, 2), (60, 2), (59, 2), (78, 2), (94, 2), (89, 2), (92, 2), (66, 2), 
Generation 90:(1, 1), (27, 1), (9, 1), (34, 1), (2, 1), (45, 1), (0, 1), (32, 1), (31, 1), (14, 1), (17, 1), (42, 1), (30, 1), (10, 1), (35, 1), (48, 1), (38, 1), (18, 1), (25, 1), (33, 1), (63, 2), (84, 2), (88, 2), (94, 2), (76, 2), (71, 2), (64, 2), (85, 2), (60, 2), (99, 2), (58, 2), (70, 2), (68, 2), (97, 2), (86, 2), (93, 2), (81, 2), (82, 2), (87, 2), (61, 2), 
Generation 91:(34, 1), (26, 1), (25, 1), (9, 1), (17, 1), (23, 1), (46, 1), (19, 1), (36, 1), (2, 1), (40, 1), (24, 1), (41, 1), (15, 1), (39, 1), (22, 1), (13, 1), (42, 1), (38, 1), (1, 1), (88, 2), (94, 2), (77, 2), (98, 2), (64, 2), (85, 2), (71, 2), (60, 2), (66, 2), (93, 2), (81, 2), (72, 2), (62, 2), (90, 2), (69, 2), (87, 2), (92, 2), (82, 2), (84, 2), (56, 2), 
Generation 92:(19, 1), (20, 1), (37, 1), (35, 1), (13, 1), (15, 1), (0, 1), (26, 1), (5, 1), (6, 1), (21, 1), (17, 1), (9, 1), (3, 1), (39, 1), (29, 1), (36, 1), (40, 1), (7, 1), (28, 1), (99, 2), (57, 2), (56, 2), (90, 2), (59, 2), (72, 2), (54, 2), (84, 2), (60, 2), (82, 2), (64, 2), (85, 2), (62, 2), (92, 2), (69, 2), (96, 2), (89, 2), (76, 2), (86, 2), (77, 2), 
Generation 93:(26, 1), (36, 1), (5, 1), (1, 1), (25, 1), (19, 1), (9, 1), (38, 1), (18, 1), (27, 1), (30, 1), (13, 1), (41, 1), (10, 1), (6, 1), (39, 1), (15, 1), (21, 1), (2, 1), (8, 1), (95, 2), (79, 2), (60, 2), (81, 2), (62, 2), (94, 2), (88, 2), (92, 2), (54, 2), (96, 2), (53, 2), (97, 2), (93, 2), (90, 2), (59, 2), (65, 2), (86, 2), (73, 2), (98, 2), (77, 2), 
Generation 94:(10, 1), (23, 1), (19, 1), (0, 1), (41, 1), (34, 1), (25, 1), (6, 1), (13, 1), (5, 1), (11, 1), (1, 1), (31, 1), (24, 1), (35, 1), (18, 1), (28, 1), (32, 1), (26, 1), (20, 1), (61, 2), (53, 2), (59, 2), (65, 2), (97, 2), (91, 2), (72, 2), (88, 2), (64, 2), (98, 2), (58, 2), (76, 2), (52, 2), (90, 2), (56, 2), (95, 2), (54, 2), (78, 2), (69, 2), (62, 2), 
Generation 95:(42, 1), (27, 1), (19, 1), (22, 1), (20, 1), (21, 1), (9, 1), (6, 1), (43, 1), (30, 1), (28, 1), (14, 1), (33, 1), (16, 1), (8, 1), (11, 1), (17, 1), (3, 1), (36, 1), (1, 1), (85, 2), (54, 2), (74, 2), (93, 2), (96, 2), (84, 2), (83, 2), (71, 2), (77, 2), (69, 2), (60, 2), (72, 2), (68, 2), (70, 2), (52, 2), (91, 2), (64, 2), (79, 2), (87, 2), (65, 2), 
Generation 96:(30, 1), (17, 1), (29, 1), (6, 1), (41, 1), (18, 1), (23, 1), (7, 1), (8, 1), (27, 1), (42, 1), (12, 1), (21, 1), (5, 1), (3, 1), (15, 1), (13, 1), (34, 1), (10, 1), (38, 1), (79, 2), (65, 2), (52, 2), (55, 2), (83, 2), (82, 2), (84, 2), (76, 2), (89, 2), (92, 2), (81, 2), (59, 2), (87, 2), (97, 2), (75, 2), (68, 2), (78, 2), (86, 2), (73, 2), (98, 2), 
Generation 97:(24, 1), (33, 1), (18, 1), (2, 1), (39, 1), (40, 1), (20, 1), (11, 1), (30, 1), (41, 1), (12, 1), (25, 1), (3, 1), (1, 1), (23, 1), (32, 1), (31, 1), (15, 1), (19, 1), (14, 1), (87, 2), (90, 2), (77, 2), (81, 2), (82, 2), (50, 2), (57, 2), (61, 2), (84, 2), (94, 2), (79, 2), (60, 2), (96, 2), (64, 2), (63, 2), (67, 2), (55, 2), (75, 2), (70, 2), (62, 2), 
Generation 98:(25, 1), (26, 1), (32, 1), (37, 1), (11, 1), (21, 1), (34, 1), (24, 1), (38, 1), (3, 1), (5, 1), (7, 1), (0, 1), (9, 1), (22, 1), (17, 1), (43, 1), (40, 1), (29, 1), (13, 1), (55, 2), (94, 2), (80, 2), (83, 2), (91, 2), (63, 2), (87, 2), (93, 2), (81, 2), (73, 2), (79, 2), (96, 2), (59, 2), (62, 2), (68, 2), (74, 2), (92, 2), (49, 2), (53, 2), (71, 2), 
Generation 99:(13, 1), (34, 1), (9, 1), (7, 1), (8, 1), (18, 1), (10, 1), (5, 1), (25, 1), (17, 1), (2, 1), (42, 1), (16, 1), (38, 1), (30, 1), (23, 1), (26, 1), (12, 1), (1, 1), (6, 1), (77, 2), (52, 2), (86, 2), (66, 2), (92, 2), (50, 2), (89, 2), (63, 2), (73, 2), (61, 2), (87, 2), (97, 2), (90, 2), (49, 2), (80, 2), (79, 2), (70, 2), (72, 2), (85, 2), (65, 2), 
Generation 100:(3, 1), (10, 1), (39, 1), (23, 1), (30, 1), (20, 1), (13, 1), (22, 1), (32, 1), (37, 1), (12, 1), (8, 1), (31, 1), (0, 1), (9, 1), (44, 1), (33, 1), (18, 1), (43, 1), (40, 1), (51, 2), (81, 2), (97, 2), (98, 2), (59, 2), (50, 2), (77, 2), (49, 2), (86, 2), (91, 2), (78, 2), (79, 2), (55, 2), (88, 2), (63, 2), (64, 2), (56, 2), (71, 2), (54, 2), (66, 2), 
Generation 101: