Generation 0:
Generation 1:(47, 1), (2, 1), (14, 1), (16, 1), (92, 2), (61, 2), (82, 2), (43, 1), (22, 1), (73, 2), (20, 1), (83, 2), (77, 2), (40, 1), (84, 2), (36, 1), (34, 1), (27, 1), (70, 2), (24, 1), (79, 2), (9, 1), (13, 1), (72, 2), (74, 2), (4, 1), (38, 1), (42, 1), (1, 1), (17, 1), (57, 2), (65, 2), (76, 2), (3, 1), (10, 1), (88, 2), (18, 1), (75, 2), (23, 1), (97, 2), 
Generation 2:(16, 1), (78, 2), (94, 2), (67, 2), (29, 1), (89, 2), (6, 1), (28, 1), (20, 1), (26, 1), (41, 1), (62, 2), (76, 2), (30, 1), (88, 2), (90, 2), (96, 2), (92, 2), (31, 1), (66, 2), (87, 2), (82, 2), (80, 2), (37, 1), (85, 2), (43, 1), (4, 1), (45, 1), (86, 2), (47, 1), (65, 2), (60, 2), (84, 2), (9, 1), (38, 1), (74, 2), (50, 1), (64, 2), (79, 2), (61, 2), 
Generation 3:(70, 2), (99, 2), (91, 2), (45, 1), (44, 1), (69, 2), (21, 1), (75, 2), (10, 1), (0, 1), (83, 2), (40, 1), (61, 2), (50, 1), (72, 2), (74, 2), (5, 1), (8, 1), (26, 1), (25, 1), (79, 2), (82, 2), (98, 2), (77, 2), (63, 2), (20, 1), (86, 2), (9, 1), (76, 2), (46, 1), (48, 1), (85, 2), (87, 2), (94, 2), (13, 1), (96, 2), (16, 1), (32, 1), (92, 2), (3, 1), 
Generation 4:(91, 2), (6, 1), (71, 2), (64, 2), (2, 1), (14, 1), (33, 1), (12, 1), (90, 2), (46, 1), (83, 2), (36, 1), (35, 1), (0, 1), (11, 1), (48, 1), (21, 1), (98, 2), (97, 2), (95, 2), (3, 1), (93, 2), (63, 2), (94, 2), (69, 2), (45, 1), (66, 2), (73, 2), (1, 1), (86, 2), (85, 2), (37, 1), (49, 1), (22, 1), (24, 1), (34, 1), (26, 1), (89, 2), (96, 2), (47, 1), 
Generation 5:(8, 1), (69, 2), (82, 2), (6, 1), (74, 2), (49, 1), (21, 1), (39, 1), (15, 1), (4, 1), (12, 1), (50, 1), (3, 1), (83, 2), (31, 1), (43, 1), (97, 2), (48, 1), (84, 2), (30, 1), (17, 1), (85, 2), (14, 1), (44, 1), (38, 1), (13, 1), (88, 2), (42, 1), (87, 2), (65, 2), (90, 2), (25, 1), (98, 2), (79, 2), (2, 1), (95, 2), (81, 2), (51, 1), (0, 1), (93, 2), 
Generation 6:(4, 1), (46, 1), (41, 1), (12, 1), (51, 1), (13, 1), (10, 1), (79, 2), (17, 1), (89, 2), (81, 2), (54, 1), (92, 2), (38, 1), (94, 2), (40, 1), (15, 1), (76, 2), (29, 1), (68, 2), (96, 2), (33, 1), (21, 1), (39, 1), (20, 1), (9, 1), (19, 1), (28, 1), (23, 1), (74, 2), (47, 1), (30, 1), (91, 2), (18, 1), (3, 1), (52, 1), (43, 1), (72, 2), (50, 1), (32, 1), 
Generation 7:(97, 2), (40, 1), (81, 2), (84, 2), (95, 2), (77, 2), (23, 1), (30, 1), (85, 2), (5, 1), (89, 2), (70, 2), (50, 1), (14, 1), (88, 2), (34, 1), (21, 1), (92, 2), (2, 1), (24, 1), (80, 2), (27, 1), (7, 1), (47, 1), (19, 1), (59, 1), (37, 1), (4, 1), (48, 1), (72, 2), (94, 2), (43, 1), (78, 2), (3, 1), (98, 2), (90, 2), (44, 1), (10, 1), (15, 1), (99, 2), 
Generation 8:(18, 1), (94, 2), (58, 1), (78, 2), (93, 2), (25, 1), (24, 1), (56, 1), (84, 2), (0, 1), (73, 2), (61, 1), (74, 2), (5, 1), (22, 1), (89, 2), (76, 2), (23, 1), (80, 2), (39, 1), (7, 1), (43, 1), (26, 1), (32, 1), (38, 1), (97, 2), (98, 2), (53, 1), (86, 2), (92, 2), (14, 1), (87, 2), (19, 1), (96, 2), (2, 1), (31, 1), (4, 1), (6, 1), (16, 1), (60, 1), 
Generation 9:(49, 1), (89, 2), (55, 1), (93, 2), (10, 1), (54, 1), (61, 1), (12, 1), (96, 2), (74, 2), (51, 1), (30, 1), (41, 1), (87, 2), (73, 2), (86, 2), (11, 1), (38, 1), (21, 1), (82, 2), (44, 1), (94, 2), (6, 1), (53, 1), (7, 1), (27, 1), (33, 1), (13, 1), (25, 1), (85, 2), (46, 1), (52, 1), (58, 1), (18, 1), (28, 1), (50, 1), (31, 1), (57, 1), (16, 1), (56, 1), 
Generation 10:(60, 1), (68, 1), (7, 1), (0, 1), (39, 1), (46, 1), (95, 2), (79, 2), (66, 1), (22, 1), (17, 1), (13, 1), (76, 2), (53, 1), (10, 1), (64, 1), (36, 1), (47, 1), (81, 2), (44, 1), (14, 1), (84, 2), (15, 1), (1, 1), (9, 1), (20, 1), (6, 1), (61, 1), (2, 1), (35, 1), (31, 1), (59, 1), (92, 2), (27, 1), (11, 1), (78, 2), (42, 1), (25, 1), (16, 1), (85, 2), 
Generation 11:(43, 1), (18, 1), (82, 2), (60, 1), (14, 1), (66, 1), (7, 1), (78, 2), (26, 1), (33, 1), (17, 1), (15, 1), (93, 2), (83, 2), (12, 1), (96, 2), (0, 1), (61, 1), (32, 1), (68, 1), (54, 1), (79, 2), (63, 1), (11, 1), (80, 2), (1, 1), (89, 2), (55, 1), (42, 1), (44, 1), (22, 1), (2, 1), (16, 1), (99, 2), (87, 2), (59, 1), (21, 1), (30, 1), (20, 1), (50, 1), 
Generation 12:(96, 2), (79, 2), (22, 1), (89, 2), (29, 1), (62, 1), (63, 1), (6, 1), (51, 1), (47, 1), (57, 1), (64, 1), (27, 1), (59, 1), (78, 2), (90, 2), (54, 1), (83, 2), (49, 1), (85, 2), (8, 1), (12, 1), (40, 1), (44, 1), (43, 1), (20, 1), (5, 1), (39, 1), (1, 1), (18, 1), (80, 2), (65, 1), (50, 1), (30, 1), (97, 2), (93, 2), (3, 1), (19, 1), (26, 1), (25, 1), 
Generation 13:(22, 1), (42, 1), (57, 1), (69, 1), (52, 1), (96, 2), (26, 1), (93, 2), (67, 1), (98, 2), (61, 1), (48, 1), (39, 1), (80, 2), (46, 1), (8, 1), (47, 1), (7, 1), (5, 1), (31, 1), (65, 1), (94, 2), (55, 1), (68, 1), (30, 1), (83, 2), (6, 1), (13, 1), (43, 1), (19, 1), (58, 1), (15, 1), (44, 1), (99, 2), (92, 2), (59, 1), (62, 1), (38, 1), (60, 1), (40, 1), 
Generation 14:(57, 1), (91, 2), (45, 1), (8, 1), (29, 1), (87, 2), (30, 1), (10, 1), (85, 2), (62, 1), (59, 1), (14, 1), (54, 1), (52, 1), (20, 1), (95, 2), (36, 1), (50, 1), (73, 1), (65, 1), (13, 1), (21, 1), (76, 1), (22, 1), (63, 1), (93, 2), (89, 2), (6, 1), (74, 1), (37, 1), (16, 1), (56, 1), (5, 1), (96, 2), (28, 1), (42, 1), (75, 1), (61, 1), (17, 1), (97, 2), 
Generation 15:(46, 1), (20, 1), (6, 1), (58, 1), (51, 1), (98, 2), (43, 1), (73, 1), (26, 1), (90, 2), (61, 1), (72, 1), (29, 1), (38, 1), (40, 1), (5, 1), (23, 1), (75, 1), (67, 1), (92, 2), (49, 1), (48, 1), (4, 1), (86, 2), (41, 1), (1, 1), (97, 2), (94, 2), (12, 1), (3, 1), (31, 1), (78, 1), (80, 1), (81, 1), (50, 1), (24, 1), (42, 1), (59, 1), (15, 1), (39, 1), 
Generation 16:(56, 1), (50, 1), (17, 1), (64, 1), (43, 1), (46, 1), (81, 1), (16, 1), (60, 1), (44, 1), (3, 1), (21, 1), (19, 1), (8, 1), (77, 1), (75, 1), (91, 2), (6, 1), (2, 1), (74, 1), (15, 1), (31, 1), (38, 1), (57, 1), (55, 1), (30, 1), (73, 1), (48, 1), (63, 1), (1, 1), (24, 1), (53, 1), (35, 1), (26, 1), (25, 1), (32, 1), (62, 1), (23, 1), (34, 1), (69, 1), 
Generation 17:(86, 1), (9, 1), (52, 1), (23, 1), (92, 1), (42, 1), (8, 1), (27, 1), (41, 1), (34, 1), (36, 1), (46, 1), (40, 1), (37, 1), (77, 1), (55, 1), (59, 1), (45, 1), (70, 1), (32, 1), (38, 1), (39, 1), (49, 1), (43, 1), (98, 1), (44, 1), (67, 1), (21, 1), (94, 1), (35, 1), (90, 1), (6, 1), (84, 1), (83, 1), (88, 1), (72, 1), (93, 1), (96, 1), (29, 1), (79, 1), 
Generation 18:(53, 1), (16, 1), (18, 1), (76, 1), (52, 1), (94, 1), (68, 1), (84, 1), (25, 1), (59, 1), (71, 1), (93, 1), (81, 1), (45, 1), (42, 1), (12, 1), (91, 1), (54, 1), (89, 1), (8, 1), (27, 1), (56, 1), (95, 1), (38, 1), (10, 1), (34, 1), (46, 1), (7, 1), (73, 1), (74, 1), (79, 1), (51, 1), (75, 1), (47, 1), (67, 1), (30, 1), (77, 1), (31, 1), (1, 1), (65, 1), 
Generation 19:(99, 1), (55, 1), (68, 1), (94, 1), (69, 1), (5, 1), (45, 1), (26, 1), (86, 1), (77, 1), (38, 1), (70, 1), (89, 1), (74, 1), (35, 1), (57, 1), (85, 1), (23, 1), (16, 1), (97, 1), (46, 1), (14, 1), (32, 1), (49, 1), (34, 1), (28, 1), (6, 1), (54, 1), (47, 1), (83, 1), (44, 1), (29, 1), (9, 1), (19, 1), (84, 1), (90, 1), (41, 1), (2, 1), (3, 1), (87, 1), 
Generation 20:(14, 1), (16, 1), (62, 1), (67, 1), (23, 1), (56, 1), (2, 1), (13, 1), (27, 1), (92, 1), (79, 1), (50, 1), (70, 1), (34, 1), (94, 1), (89, 1), (32, 1), (52, 1), (55, 1), (81, 1), (69, 1), (1, 1), (51, 1), (10, 1), (91, 1), (84, 1), (43, 1), (33, 1), (57, 1), (48, 1), (74, 1), (54, 1), (12, 1), (19, 1), (71, 1), (46, 1), (44, 1), (0, 1), (3, 1), (75, 1), 
Generation 21:(96, 1), (43, 1), (92, 1), (11, 1), (30, 1), (51, 1), (47, 1), (74, 1), (73, 1), (13, 1), (97, 1), (89, 1), (38, 1), (8, 1), (64, 1), (28, 1), (66, 1), (14, 1), (36, 1), (0, 1), (57, 1), (34, 1), (61, 1), (62, 1), (18, 1), (42, 1), (67, 1), (94, 1), (76, 1), (75, 1), (32, 1), (95, 1), (23, 1), (86, 1), (81, 1), (31, 1), (59, 1), (93, 1), (10, 1), (58, 1), 
Generation 22:(47, 1), (93, 1), (96, 1), (40, 1), (30, 1), (29, 1), (20, 1), (51, 1), (26, 1), (34, 1), (88, 1), (85, 1), (65, 1), (48, 1), (36, 1), (1, 1), (80, 1), (6, 1), (43, 1), (17, 1), (32, 1), (24, 1), (15, 1), (81, 1), (60, 1), (38, 1), (86, 1), (57, 1), (59, 1), (50, 1), (45, 1), (9, 1), (14, 1), (25, 1), (2, 1), (71, 1), (76, 1), (28, 1), (13, 1), (75, 1), 
Generation 23:(54, 1), (6, 1), (35, 1), (70, 1), (99, 1), (37, 1), (81, 1), (26, 1), (77, 1), (24, 1), (94, 1), (39, 1), (21, 1), (5, 1), (90, 1), (14, 1), (93, 1), (71, 1), (74, 1), (31, 1), (59, 1), (50, 1), (58, 1), (67, 1), (60, 1), (68, 1), (4, 1), (0, 1), (25, 1), (32, 1), (84, 1), (69, 1), (18, 1), (46, 1), (10, 1), (49, 1), (63, 1), (13, 1), (47, 1), (79, 1), 
Generation 24:(66, 1), (51, 1), (16, 1), (90, 1), (54, 1), (8, 1), (11, 1), (68, 1), (3, 1), (13, 1), (47, 1), (41, 1), (95, 1), (74, 1), (60, 1), (76, 1), (35, 1), (37, 1), (28, 1), (94, 1), (89, 1), (12, 1), (92, 1), (20, 1), (26, 1), (25, 1), (32, 1), (57, 1), (69, 1), (48, 1), (61, 1), (58, 1), (31, 1), (19, 1), (45, 1), (99, 1), (93, 1), (40, 1), (38, 1), (97, 1), 
Generation 25:(88, 1), (99, 1), (78, 1), (42, 1), (13, 1), (54, 1), (55, 1), (67, 1), (51, 1), (28, 1), (48, 1), (56, 1), (86, 1), (53, 1), (2, 1), (8, 1), (74, 1), (71, 1), (20, 1), (46, 1), (44, 1), (85, 1), (9, 1), (95, 1), (37, 1), (92, 1), (50, 1), (31, 1), (84, 1), (4, 1), (61, 1), (77, 1), (98, 1), (76, 1), (93, 1), (19, 1), (89, 1), (66, 1), (11, 1), (26, 1), 
Generation 26:(13, 1), (0, 1), (81, 1), (7, 1), (79, 1), (78, 1), (80, 1), (98, 1), (51, 1), (9, 1), (71, 1), (47, 1), (73, 1), (21, 1), (16, 1), (65, 1), (2, 1), (67, 1), (23, 1), (76, 1), (22, 1), (4, 1), (18, 1), (82, 1), (45, 1), (38, 1), (97, 1), (99, 1), (62, 1), (35, 1), (86, 1), (66, 1), (77, 1), (41, 1), (43, 1), (89, 1), (75, 1), (53, 1), (8, 1), (50, 1), 
Generation 27:(32, 1), (80, 1), (18, 1), (90, 1), (75, 1), (44, 1), (61, 1), (63, 1), (7, 1), (82, 1), (16, 1), (6, 1), (50, 1), (65, 1), (46, 1), (62, 1), (51, 1), (88, 1), (72, 1), (11, 1), (87, 1), (27, 1), (5, 1), (77, 1), (48, 1), (42, 1), (12, 1), (49, 1), (31, 1), (34, 1), (55, 1), (23, 1), (59, 1), (60, 1), (17, 1), (39, 1), (3, 1), (99, 1), (76, 1), (45, 1), 
Generation 28:(3, 1), (13, 1), (69, 1), (36, 1), (28, 1), (4, 1), (26, 1), (78, 1), (58, 1), (5, 1), (64, 1), (79, 1), (86, 1), (71, 1), (12, 1), (7, 1), (61, 1), (22, 1), (17, 1), (18, 1), (97, 1), (81, 1), (99, 1), (77, 1), (24, 1), (51, 1), (80, 1), (10, 1), (49, 1), (27, 1), (68, 1), (33, 1), (54, 1), (94, 1), (34, 1), (31, 1), (38, 1), (90, 1), (52, 1), (53, 1), 
Generation 29:(35, 1), (26, 1), (97, 1), (42, 1), (54, 1), (62, 1), (34, 1), (88, 1), (66, 1), (76, 1), (25, 1), (73, 1), (70, 1), (2, 1), (7, 1), (68, 1), (56, 1), (12, 1), (51, 1), (22, 1), (15, 1), (87, 1), (31, 1), (69, 1), (90, 1), (55, 1), (82, 1), (75, 1), (41, 1), (30, 1), (14, 1), (19, 1), (28, 1), (29, 1), (10, 1), (6, 1), (57, 1), (16, 1), (61, 1), (94, 1), 
Generation 30:(15, 1), (93, 1), (58, 1), (68, 1), (50, 1), (36, 1), (27, 1), (80, 1), (24, 1), (42, 1), (11, 1), (81, 1), (72, 1), (47, 1), (10, 1), (92, 1), (55, 1), (85, 1), (7, 1), (30, 1), (12, 1), (63, 1), (2, 1), (90, 1), (1, 1), (75, 1), (34, 1), (38, 1), (39, 1), (18, 1), (31, 1), (73, 1), (41, 1), (57, 1), (60, 1), (88, 1), (4, 1), (64, 1), (66, 1), (77, 1), 
Generation 31:(96, 1), (52, 1), (32, 1), (34, 1), (29, 1), (65, 1), (7, 1), (41, 1), (37, 1), (54, 1), (62, 1), (60, 1), (16, 1), (88, 1), (73, 1), (72, 1), (1, 1), (46, 1), (10, 1), (84, 1), (69, 1), (11, 1), (23, 1), (68, 1), (49, 1), (75, 1), (21, 1), (47, 1), (42, 1), (48, 1), (13, 1), (44, 1), (2, 1), (81, 1), (43, 1), (39, 1), (94, 1), (74, 1), (55, 1), (97, 1), 
Generation 32:(39, 1), (63, 1), (57, 1), (76, 1), (50, 1), (20, 1), (84, 1), (64, 1), (75, 1), (29, 1), (55, 1), (11, 1), (59, 1), (82, 1), (36, 1), (31, 1), (46, 1), (41, 1), (2, 1), (13, 1), (28, 1), (37, 1), (79, 1), (52, 1), (94, 1), (83, 1), (96, 1), (54, 1), (87, 1), (45, 1), (15, 1), (32, 1), (67, 1), (61, 1), (8, 1), (78, 1), (68, 1), (22, 1), (97, 1), (34, 1), 
Generation 33:(87, 1), (53, 1), (91, 1), (75, 1), (78, 1), (96, 1), (19, 1), (43, 1), (49, 1), (54, 1), (6, 1), (67, 1), (8, 1), (73, 1), (29, 1), (81, 1), (14, 1), (18, 1), (56, 1), (68, 1), (37, 1), (80, 1), (70, 1), (1, 1), (23, 1), (52, 1), (66, 1), (85, 1), (3, 1), (51, 1), (65, 1), (20, 1), (27, 1), (4, 1), (72, 1), (24, 1), (86, 1), (84, 1), (60, 1), (63, 1), 
Generation 34:(78, 1), (96, 1), (69, 1), (47, 1), (17, 1), (34, 1), (68, 1), (57, 1), (58, 1), (16, 1), (13, 1), (55, 1), (76, 1), (97, 1), (92, 1), (23, 1), (35, 1), (39, 1), (51, 1), (15, 1), (87, 1), (59, 1), (1, 1), (38, 1), (21, 1), (14, 1), (63, 1), (46, 1), (3, 1), (26, 1), (62, 1), (74, 1), (7, 1), (40, 1), (19, 1), (37, 1), (27, 1), (71, 1), (75, 1), (36, 1), 
Generation 35:(51, 1), (9, 1), (18, 1), (79, 1), (12, 1), (20, 1), (29, 1), (40, 1), (98, 1), (36, 1), (26, 1), (57, 1), (50, 1), (66, 1), (2, 1), (78, 1), (54, 1), (23, 1), (59, 1), (44, 1), (1, 1), (71, 1), (47, 1), (6, 1), (38, 1), (28, 1), (92, 1), (35, 1), (41, 1), (19, 1), (49, 1), (11, 1), (10, 1), (67, 1), (58, 1), (80, 1), (70, 1), (84, 1), (85, 1), (61, 1), 
Generation 36:(97, 1), (73, 1), (7, 1), (2, 1), (57, 1), (55, 1), (62, 1), (19, 1), (44, 1), (34, 1), (6, 1), (47, 1), (82, 1), (3, 1), (96, 1), (95, 1), (28, 1), (17, 1), (46, 1), (74, 1), (61, 1), (65, 1), (41, 1), (64, 1), (77, 1), (81, 1), (14, 1), (59, 1), (75, 1), (72, 1), (32, 1), (21, 1), (12, 1), (66, 1), (63, 1), (35, 1), (90, 1), (20, 1), (16, 1), (33, 1), 
Generation 37:(27, 1), (52, 1), (82, 1), (19, 1), (91, 1), (85, 1), (74, 1), (67, 1), (77, 1), (73, 1), (65, 1), (79, 1), (8, 1), (5, 1), (69, 1), (24, 1), (40, 1), (9, 1), (25, 1), (78, 1), (4, 1), (58, 1), (36, 1), (51, 1), (83, 1), (48, 1), (96, 1), (93, 1), (90, 1), (39, 1), (72, 1), (61, 1), (10, 1), (95, 1), (21, 1), (13, 1), (99, 1), (31, 1), (63, 1), (0, 1), 
Generation 38:(63, 1), (47, 1), (75, 1), (65, 1), (98, 1), (48, 1), (87, 1), (57, 1), (49, 1), (25, 1), (64, 1), (31, 1), (60, 1), (43, 1), (82, 1), (45, 1), (84, 1), (69, 1), (99, 1), (21, 1), (71, 1), (92, 1), (53, 1), (38, 1), (79, 1), (35, 1), (72, 1), (93, 1), (9, 1), (51, 1), (4, 1), (58, 1), (6, 1), (27, 1), (12, 1), (90, 1), (30, 1), (8, 1), (77, 1), (59, 1), 
Generation 39:(99, 1), (71, 1), (88, 1), (84, 1), (58, 1), (97, 1), (36, 1), (9, 1), (54, 1), (30, 1), (55, 1), (81, 1), (79, 1), (63, 1), (16, 1), (35, 1), (4, 1), (41, 1), (68, 1), (94, 1), (11, 1), (49, 1), (80, 1), (20, 1), (64, 1), (47, 1), (8, 1), (70, 1), (69, 1), (27, 1), (50, 1), (25, 1), (18, 1), (43, 1), (26, 1), (6, 1), (45, 1), (61, 1), (17, 1), (40, 1), 
Generation 40:(44, 1), (85, 1), (54, 1), (84, 1), (90, 1), (18, 1), (52, 1), (58, 1), (92, 1), (86, 1), (4, 1), (45, 1), (21, 1), (6, 1), (95, 1), (28, 1), (71, 1), (77, 1), (55, 1), (82, 1), (57, 1), (49, 1), (7, 1), (96, 1), (29, 1), (51, 1), (97, 1), (74, 1), (20, 1), (48, 1), (87, 1), (46, 1), (80, 1), (47, 1), (66, 1), (50, 1), (61, 1), (11, 1), (43, 1), (94, 1), 
Generation 41:(74, 1), (91, 1), (4, 1), (95, 1), (38, 1), (89, 1), (50, 1), (66, 1), (9, 1), (40, 1), (64, 1), (81, 1), (70, 1), (49, 1), (76, 1), (16, 1), (8, 1), (23, 1), (43, 1), (14, 1), (37, 1), (22, 1), (79, 1), (6, 1), (69, 1), (25, 1), (85, 1), (61, 1), (13, 1), (73, 1), (21, 1), (47, 1), (87, 1), (10, 1), (46, 1), (26, 1), (32, 1), (88, 1), (55, 1), (42, 1), 
Generation 42:(98, 1), (62, 1), (40, 1), (13, 1), (17, 1), (32, 1), (47, 1), (79, 1), (29, 1), (7, 1), (80, 1), (41, 1), (87, 1), (89, 1), (82, 1), (11, 1), (92, 1), (55, 1), (63, 1), (42, 1), (25, 1), (70, 1), (34, 1), (64, 1), (45, 1), (65, 1), (3, 1), (30, 1), (81, 1), (39, 1), (31, 1), (18, 1), (88, 1), (52, 1), (2, 1), (85, 1), (8, 1), (59, 1), (20, 1), (66, 1), 
Generation 43:(15, 1), (84, 1), (6, 1), (31, 1), (58, 1), (21, 1), (18, 1), (52, 1), (10, 1), (12, 1), (13, 1), (88, 1), (51, 1), (79, 1), (90, 1), (92, 1), (4, 1), (34, 1), (60, 1), (46, 1), (85, 1), (95, 1), (83, 1), (23, 1), (80, 1), (78, 1), (30, 1), (91, 1), (48, 1), (3, 1), (40, 1), (75, 1), (57, 1), (87, 1), (33, 1), (54, 1), (74, 1), (50, 1), (61, 1), (9, 1), 
Generation 44:(70, 1), (99, 1), (91, 1), (53, 1), (77, 1), (1, 1), (24, 1), (58, 1), (86, 1), (57, 1), (71, 1), (63, 1), (47, 1), (45, 1), (76, 1), (46, 1), (27, 1), (54, 1), (5, 1), (72, 1), (51, 1), (28, 1), (78, 1), (65, 1), (18, 1), (3, 1), (32, 1), (83, 1), (79, 1), (61, 1), (55, 1), (64, 1), (30, 1), (74, 1), (19, 1), (69, 1), (9, 1), (23, 1), (21, 1), (37, 1), 
Generation 45:(24, 1), (14, 1), (83, 1), (33, 1), (58, 1), (9, 1), (29, 1), (94, 1), (87, 1), (16, 1), (1, 1), (43, 1), (86, 1), (78, 1), (71, 1), (52, 1), (47, 1), (88, 1), (23, 1), (28, 1), (53, 1), (41, 1), (11, 1), (89, 1), (42, 1), (45, 1), (50, 1), (44, 1), (38, 1), (13, 1), (95, 1), (2, 1), (34, 1), (65, 1), (57, 1), (55, 1), (63, 1), (0, 1), (3, 1), (25, 1), 
Generation 46:(77, 1), (65, 1), (88, 1), (5, 1), (53, 1), (39, 1), (70, 1), (37, 1), (57, 1), (15, 1), (98, 1), (81, 1), (26, 1), (72, 1), (25, 1), (73, 1), (95, 1), (2, 1), (99, 1), (85, 1), (91, 1), (89, 1), (56, 1), (74, 1), (21, 1), (46, 1), (49, 1), (48, 1), (87, 1), (84, 1), (90, 1), (13, 1), (50, 1), (38, 1), (0, 1), (14, 1), (7, 1), (80, 1), (32, 1), (59, 1), 
Generation 47:(0, 1), (52, 1), (4, 1), (9, 1), (50, 1), (63, 1), (60, 1), (8, 1), (15, 1), (1, 1), (89, 1), (23, 1), (24, 1), (22, 1), (73, 1), (90, 1), (33, 1), (7, 1), (61, 1), (16, 1), (81, 1), (70, 1), (32, 1), (17, 1), (82, 1), (43, 1), (77, 1), (21, 1), (74, 1), (75, 1), (51, 1), (6, 1), (46, 1), (10, 1), (85, 1), (12, 1), (54, 1), (99, 1), (93, 1), (86, 1), 
Generation 48:(90, 1), (86, 1), (71, 1), (28, 1), (2, 1), (94, 1), (53, 1), (92, 1), (4, 1), (1, 1), (77, 1), (79, 1), (96, 1), (22, 1), (51, 1), (55, 1), (52, 1), (33, 1), (31, 1), (57, 1), (8, 1), (11, 1), (99, 1), (63, 1), (70, 1), (35, 1), (23, 1), (67, 1), (97, 1), (38, 1), (95, 1), (84, 1), (25, 1), (10, 1), (0, 1), (24, 1), (16, 1), (60, 1), (32, 1), (13, 1), 
Generation 49:(27, 1), (65, 1), (50, 1), (64, 1), (55, 1), (7, 1), (25, 1), (3, 1), (41, 1), (75, 1), (96, 1), (67, 1), (0, 1), (53, 1), (85, 1), (62, 1), (84, 1), (35, 1), (74, 1), (59, 1), (63, 1), (58, 1), (87, 1), (38, 1), (6, 1), (89, 1), (29, 1), (52, 1), (79, 1), (94, 1), (90, 1), (10, 1), (39, 1), (93, 1), (22, 1), (71, 1), (95, 1), (34, 1), (12, 1), (78, 1), 
Generation 50:(67, 1), (72, 1), (95, 1), (29, 1), (22, 1), (31, 1), (69, 1), (93, 1), (33, 1), (5, 1), (85, 1), (9, 1), (10, 1), (89, 1), (53, 1), (42, 1), (6, 1), (3, 1), (92, 1), (64, 1), (39, 1), (35, 1), (83, 1), (84, 1), (80, 1), (43, 1), (65, 1), (70, 1), (41, 1), (79, 1), (77, 1), (56, 1), (54, 1), (1, 1), (66, 1), (24, 1), (48, 1), (74, 1), (18, 1), (23, 1), 
Generation 51:(62, 1), (12, 1), (88, 1), (55, 1), (13, 1), (9, 1), (67, 1), (71, 1), (46, 1), (91, 1), (20, 1), (18, 1), (79, 1), (77, 1), (97, 1), (3, 1), (72, 1), (95, 1), (80, 1), (93, 1), (75, 1), (28, 1), (82, 1), (6, 1), (61, 1), (60, 1), (98, 1), (96, 1), (54, 1), (27, 1), (14, 1), (66, 1), (86, 1), (29, 1), (53, 1), (57, 1), (85, 1), (69, 1), (52, 1), (22, 1), 
Generation 52:(31, 1), (5, 1), (44, 1), (65, 1), (77, 1), (95, 1), (11, 1), (7, 1), (90, 1), (3, 1), (49, 1), (84, 1), (21, 1), (41, 1), (45, 1), (1, 1), (4, 1), (50, 1), (60, 1), (42, 1), (16, 1), (39, 1), (9, 1), (56, 1), (96, 1), (43, 1), (99, 1), (57, 1), (70, 1), (72, 1), (34, 1), (53, 1), (64, 1), (17, 1), (23, 1), (6, 1), (47, 1), (8, 1), (14, 1), (25, 1), 
Generation 53:(96, 1), (42, 1), (17, 1), (23, 1), (72, 1), (75, 1), (10, 1), (32, 1), (87, 1), (60, 1), (93, 1), (35, 1), (1, 1), (91, 1), (90, 1), (58, 1), (13, 1), (12, 1), (0, 1), (88, 1), (52, 1), (26, 1), (18, 1), (98, 1), (84, 1), (47, 1), (86, 1), (73, 1), (71, 1), (37, 1), (49, 1), (82, 1), (21, 1), (78, 1), (28, 1), (80, 1), (77, 1), (39, 1), (27, 1), (7, 1), 
Generation 54:(66, 1), (22, 1), (11, 1), (84, 1), (43, 1), (93, 1), (61, 1), (23, 1), (29, 1), (60, 1), (5, 1), (92, 1), (69, 1), (91, 1), (59, 1), (31, 1), (10, 1), (0, 1), (9, 1), (30, 1), (85, 1), (7, 1), (40, 1), (70, 1), (37, 1), (17, 1), (46, 1), (44, 1), (3, 1), (18, 1), (58, 1), (27, 1), (97, 1), (83, 1), (77, 1), (25, 1), (8, 1), (41, 1), (21, 1), (73, 1), 
Generation 55:(90, 1), (46, 1), (41, 1), (89, 1), (3, 1), (60, 1), (71, 1), (34, 1), (20, 1), (27, 1), (42, 1), (32, 1), (81, 1), (6, 1), (18, 1), (91, 1), (77, 1), (25, 1), (84, 1), (50, 1), (92, 1), (58, 1), (12, 1), (15, 1), (82, 1), (10, 1), (70, 1), (28, 1), (85, 1), (93, 1), (94, 1), (37, 1), (13, 1), (48, 1), (73, 1), (17, 1), (88, 1), (52, 1), (45, 1), (86, 1), 
Generation 56:(67, 1), (35, 1), (64, 1), (25, 1), (94, 1), (20, 1), (50, 1), (15, 1), (77, 1), (24, 1), (90, 1), (56, 1), (13, 1), (76, 1), (60, 1), (38, 1), (0, 1), (19, 1), (71, 1), (27, 1), (85, 1), (23, 1), (48, 1), (62, 1), (11, 1), (42, 1), (33, 1), (92, 1), (52, 1), (54, 1), (29, 1), (61, 1), (95, 1), (39, 1), (41, 1), (26, 1), (93, 1), (28, 1), (74, 1), (82, 1), 
Generation 57:(77, 1), (88, 1), (44, 1), (68, 1), (25, 1), (1, 1), (41, 1), (14, 1), (53, 1), (59, 1), (30, 1), (33, 1), (40, 1), (52, 1), (57, 1), (31, 1), (82, 1), (91, 1), (51, 1), (90, 1), (49, 1), (28, 1), (45, 1), (19, 1), (37, 1), (6, 1), (29, 1), (13, 1), (58, 1), (61, 1), (43, 1), (0, 1), (8, 1), (98, 1), (12, 1), (87, 1), (42, 1), (97, 1), (95, 1), (2, 1), 
Generation 58:(30, 1), (9, 1), (35, 1), (89, 1), (95, 1), (3, 1), (79, 1), (74, 1), (28, 1), (0, 1), (53, 1), (54, 1), (19, 1), (22, 1), (92, 1), (75, 1), (27, 1), (50, 1), (52, 1), (83, 1), (26, 1), (60, 1), (25, 1), (8, 1), (42, 1), (7, 1), (5, 1), (47, 1), (64, 1), (72, 1), (2, 1), (20, 1), (80, 1), (1, 1), (36, 1), (6, 1), (81, 1), (97, 1), (90, 1), (91, 1), 
Generation 59:(91, 1), (74, 1), (38, 1), (13, 1), (3, 1), (89, 1), (27, 1), (93, 1), (41, 1), (72, 1), (57, 1), (50, 1), (21, 1), (97, 1), (59, 1), (47, 1), (67, 1), (32, 1), (66, 1), (79, 1), (33, 1), (5, 1), (77, 1), (40, 1), (82, 1), (69, 1), (36, 1), (63, 1), (52, 1), (84, 1), (31, 1), (85, 1), (8, 1), (76, 1), (92, 1), (90, 1), (26, 1), (46, 1), (51, 1), (53, 1), 
Generation 60:(57, 1), (56, 1), (93, 1), (43, 1), (19, 1), (29, 1), (27, 1), (13, 1), (80, 1), (49, 1), (65, 1), (14, 1), (71, 1), (28, 1), (69, 1), (21, 1), (83, 1), (61, 1), (99, 1), (50, 1), (12, 1), (23, 1), (94, 1), (68, 1), (78, 1), (53, 1), (39, 1), (51, 1), (17, 1), (77, 1), (46, 1), (64, 1), (30, 1), (40, 1), (82, 1), (98, 1), (3, 1), (62, 1), (48, 1), (97, 1), 
Generation 61:(52, 1), (80, 1), (57, 1), (65, 1), (53, 1), (92, 1), (5, 1), (83, 1), (70, 1), (4, 1), (12, 1), (22, 1), (43, 1), (96, 1), (59, 1), (97, 1), (51, 1), (0, 1), (7, 1), (77, 1), (9, 1), (48, 1), (13, 1), (75, 1), (29, 1), (47, 1), (74, 1), (45, 1), (58, 1), (21, 1), (91, 1), (37, 1), (99, 1), (62, 1), (32, 1), (1, 1), (78, 1), (54, 1), (68, 1), (3, 1), 
Generation 62:(72, 1), (66, 1), (57, 1), (82, 1), (61, 1), (40, 1), (35, 1), (42, 1), (56, 1), (43, 1), (29, 1), (87, 1), (24, 1), (44, 1), (77, 1), (51, 1), (39, 1), (9, 1), (76, 1), (48, 1), (88, 1), (90, 1), (16, 1), (17, 1), (18, 1), (84, 1), (38, 1), (41, 1), (99, 1), (81, 1), (78, 1), (60, 1), (10, 1), (53, 1), (5, 1), (55, 1), (14, 1), (46, 1), (47, 1), (15, 1), 
Generation 63:(25, 1), (48, 1), (85, 1), (75, 1), (32, 1), (58, 1), (1, 1), (44, 1), (29, 1), (18, 1), (13, 1), (93, 1), (79, 1), (92, 1), (7, 1), (19, 1), (39, 1), (45, 1), (30, 1), (43, 1), (52, 1), (14, 1), (95, 1), (89, 1), (33, 1), (88, 1), (12, 1), (9, 1), (35, 1), (70, 1), (17, 1), (62, 1), (60, 1), (65, 1), (86, 1), (40, 1), (84, 1), (26, 1), (55, 1), (96, 1), 
Generation 64:(93, 1), (72, 1), (44, 1), (74, 1), (17, 1), (96, 1), (54, 1), (80, 1), (22, 1), (35, 1), (56, 1), (2, 1), (28, 1), (11, 1), (38, 1), (81, 1), (48, 1), (36, 1), (89, 1), (20, 1), (3, 1), (49, 1), (94, 1), (60, 1), (51, 1), (9, 1), (86, 1), (52, 1), (37, 1), (23, 1), (90, 1), (73, 1), (58, 1), (95, 1), (71, 1), (33, 1), (41, 1), (15, 1), (39, 1), (6, 1), 
Generation 65:(25, 1), (6, 1), (8, 1), (16, 1), (29, 1), (77, 1), (21, 1), (79, 1), (34, 1), (36, 1), (4, 1), (40, 1), (91, 1), (56, 1), (98, 1), (59, 1), (23, 1), (99, 1), (72, 1), (2, 1), (63, 1), (15, 1), (35, 1), (19, 1), (84, 1), (17, 1), (60, 1), (39, 1), (68, 1), (45, 1), (81, 1), (62, 1), (54, 1), (37, 1), (66, 1), (31, 1), (49, 1), (44, 1), (73, 1), (51, 1), 
Generation 66:(64, 1), (97, 1), (15, 1), (78, 1), (18, 1), (2, 1), (33, 1), (12, 1), (54, 1), (98, 1), (42, 1), (36, 1), (55, 1), (90, 1), (89, 1), (11, 1), (5, 1), (60, 1), (58, 1), (67, 1), (40, 1), (30, 1), (34, 1), (50, 1), (51, 1), (96, 1), (41, 1), (9, 1), (43, 1), (49, 1), (22, 1), (83, 1), (93, 1), (53, 1), (81, 1), (65, 1), (24, 1), (68, 1), (84, 1), (70, 1), 
Generation 67:(36, 1), (3, 1), (34, 1), (48, 1), (99, 1), (31, 1), (59, 1), (68, 1), (95, 1), (75, 1), (96, 1), (78, 1), (66, 1), (20, 1), (86, 1), (80, 1), (93, 1), (94, 1), (40, 1), (14, 1), (4, 1), (35, 1), (9, 1), (37, 1), (45, 1), (84, 1), (52, 1), (8, 1), (6, 1), (70, 1), (72, 1), (98, 1), (83, 1), (25, 1), (27, 1), (42, 1), (23, 1), (89, 1), (81, 1), (90, 1), 
Generation 68:(23, 1), (34, 1), (86, 1), (56, 1), (13, 1), (8, 1), (55, 1), (12, 1), (80, 1), (72, 1), (1, 1), (65, 1), (10, 1), (66, 1), (15, 1), (25, 1), (6, 1), (20, 1), (32, 1), (48, 1), (4, 1), (82, 1), (14, 1), (22, 1), (46, 1), (77, 1), (45, 1), (88, 1), (3, 1), (75, 1), (62, 1), (19, 1), (50, 1), (59, 1), (36, 1), (61, 1), (37, 1), (11, 1), (26, 1), (70, 1), 
Generation 69:(73, 1), (94, 1), (34, 1), (82, 1), (33, 1), (30, 1), (62, 1), (50, 1), (58, 1), (36, 1), (31, 1), (74, 1), (27, 1), (47, 1), (37, 1), (14, 1), (90, 1), (49, 1), (88, 1), (15, 1), (16, 1), (9, 1), (71, 1), (22, 1), (29, 1), (44, 1), (43, 1), (17, 1), (11, 1), (24, 1), (92, 1), (95, 1), (55, 1), (65, 1), (81, 1), (86, 1), (89, 1), (28, 1), (19, 1), (64, 1), 
Generation 70:(21, 1), (83, 1), (52, 1), (76, 1), (41, 1), (45, 1), (4, 1), (46, 1), (55, 1), (13, 1), (81, 1), (6, 1), (53, 1), (47, 1), (44, 1), (8, 1), (39, 1), (18, 1), (89, 1), (82, 1), (38, 1), (65, 1), (16, 1), (40, 1), (54, 1), (27, 1), (5, 1), (51, 1), (58, 1), (94, 1), (67, 1), (95, 1), (69, 1), (31, 1), (99, 1), (2, 1), (62, 1), (60, 1), (28, 1), (9, 1), 
Generation 71:(58, 1), (20, 1), (57, 1), (79, 1), (67, 1), (41, 1), (46, 1), (93, 1), (3, 1), (53, 1), (21, 1), (42, 1), (23, 1), (77, 1), (91, 1), (51, 1), (69, 1), (82, 1), (89, 1), (45, 1), (12, 1), (56, 1), (47, 1), (32, 1), (97, 1), (18, 1), (7, 1), (38, 1), (25, 1), (2, 1), (59, 1), (99, 1), (30, 1), (35, 1), (44, 1), (48, 1), (80, 1), (60, 1), (81, 1), (4, 1), 
Generation 72:(2, 1), (47, 1), (9, 1), (11, 1), (29, 1), (53, 1), (56, 1), (46, 1), (85, 1), (38, 1), (36, 1), (18, 1), (62, 1), (93, 1), (90, 1), (92, 1), (28, 1), (65, 1), (59, 1), (96, 1), (57, 1), (95, 1), (78, 1), (34, 1), (23, 1), (25, 1), (39, 1), (55, 1), (83, 1), (44, 1), (58, 1), (7, 1), (35, 1), (41, 1), (31, 1), (74, 1), (82, 1), (69, 1), (50, 1), (52, 1), 
Generation 73:(31, 1), (0, 1), (93, 1), (40, 1), (95, 1), (33, 1), (82, 1), (21, 1), (16, 1), (86, 1), (35, 1), (84, 1), (98, 1), (57, 1), (58, 1), (76, 1), (55, 1), (68, 1), (72, 1), (53, 1), (22, 1), (7, 1), (81, 1), (79, 1), (20, 1), (94, 1), (28, 1), (30, 1), (62, 1), (44, 1), (99, 1), (54, 1), (32, 1), (71, 1), (61, 1), (51, 1), (80, 1), (60, 1), (87, 1), (85, 1), 
Generation 74:(11, 1), (21, 1), (4, 1), (93, 1), (48, 1), (54, 1), (70, 1), (61, 1), (26, 1), (82, 1), (44, 1), (32, 1), (86, 1), (99, 1), (89, 1), (72, 1), (88, 1), (98, 1), (34, 1), (60, 1), (58, 1), (81, 1), (31, 1), (71, 1), (2, 1), (30, 1), (12, 1), (29, 1), (9, 1), (33, 1), (24, 1), (84, 1), (76, 1), (79, 1), (59, 1), (50, 1), (13, 1), (41, 1), (20, 1), (36, 1), 
Generation 75:(18, 1), (85, 1), (47, 1), (83, 1), (33, 1), (15, 1), (38, 1), (71, 1), (3, 1), (22, 1), (69, 1), (42, 1), (34, 1), (72, 1), (67, 1), (86, 1), (8, 1), (92, 1), (17, 1), (56, 1), (40, 1), (1, 1), (21, 1), (53, 1), (26, 1), (73, 1), (23, 1), (54, 1), (25, 1), (59, 1), (78, 1), (51, 1), (24, 1), (55, 1), (9, 1), (5, 1), (41, 1), (90, 1), (2, 1), (50, 1), 
Generation 76:(10, 1), (49, 1), (72, 1), (33, 1), (60, 1), (35, 1), (6, 1), (1, 1), (3, 1), (38, 1), (79, 1), (46, 1), (41, 1), (4, 1), (27, 1), (13, 1), (20, 1), (54, 1), (11, 1), (73, 1), (37, 1), (69, 1), (92, 1), (36, 1), (50, 1), (99, 1), (57, 1), (66, 1), (29, 1), (56, 1), (70, 1), (25, 1), (77, 1), (84, 1), (22, 1), (91, 1), (42, 1), (90, 1), (86, 1), (51, 1), 
Generation 77:(42, 1), (83, 1), (48, 1), (53, 1), (10, 1), (50, 1), (46, 1), (85, 1), (2, 1), (16, 1), (51, 1), (45, 1), (93, 1), (21, 1), (38, 1), (19, 1), (81, 1), (84, 1), (60, 1), (34, 1), (11, 1), (31, 1), (39, 1), (94, 1), (76, 1), (35, 1), (75, 1), (12, 1), (88, 1), (7, 1), (70, 1), (28, 1), (74, 1), (65, 1), (4, 1), (33, 1), (67, 1), (24, 1), (68, 1), (20, 1), 
Generation 78:(93, 1), (27, 1), (37, 1), (75, 1), (25, 1), (32, 1), (87, 1), (26, 1), (48, 1), (29, 1), (60, 1), (44, 1), (71, 1), (11, 1), (5, 1), (86, 1), (3, 1), (94, 1), (8, 1), (49, 1), (79, 1), (23, 1), (65, 1), (28, 1), (96, 1), (2, 1), (17, 1), (33, 1), (24, 1), (40, 1), (12, 1), (92, 1), (85, 1), (53, 1), (13, 1), (98, 1), (83, 1), (36, 1), (61, 1), (30, 1), 
Generation 79:(54, 1), (43, 1), (93, 1), (47, 1), (74, 1), (46, 1), (52, 1), (23, 1), (18, 1), (33, 1), (68, 1), (50, 1), (2, 1), (58, 1), (34, 1), (89, 1), (49, 1), (32, 1), (79, 1), (35, 1), (4, 1), (69, 1), (6, 1), (56, 1), (62, 1), (94, 1), (0, 1), (39, 1), (67, 1), (40, 1), (75, 1), (10, 1), (87, 1), (82, 1), (71, 1), (45, 1), (73, 1), (55, 1), (77, 1), (24, 1), 
Generation 80:(85, 1), (3, 1), (88, 1), (63, 1), (5, 1), (94, 1), (61, 1), (67, 1), (57, 1), (7, 1), (26, 1), (69, 1), (25, 1), (30, 1), (90, 1), (15, 1), (32, 1), (48, 1), (38, 1), (56, 1), (65, 1), (24, 1), (54, 1), (45, 1), (35, 1), (98, 1), (92, 1), (70, 1), (96, 1), (97, 1), (29, 1), (91, 1), (53, 1), (46, 1), (2, 1), (51, 1), (9, 1), (39, 1), (59, 1), (64, 1), 
Generation 81:(88, 1), (65, 1), (17, 1), (23, 1), (59, 1), (5, 1), (47, 1), (6, 1), (20, 1), (29, 1), (69, 1), (10, 1), (32, 1), (49, 1), (89, 1), (45, 1), (31, 1), (9, 1), (98, 1), (46, 1), (94, 1), (11, 1), (1, 1), (66, 1), (63, 1), (64, 1), (34, 1), (7, 1), (12, 1), (99, 1), (91, 1), (55, 1), (60, 1), (73, 1), (93, 1), (87, 1), (21, 1), (62, 1), (24, 1), (48, 1), 
Generation 82:(40, 1), (96, 1), (28, 1), (15, 1), (53, 1), (46, 1), (51, 1), (38, 1), (91, 1), (6, 1), (0, 1), (10, 1), (62, 1), (77, 1), (54, 1), (1, 1), (57, 1), (37, 1), (13, 1), (84, 1), (97, 1), (4, 1), (60, 1), (25, 1), (49, 1), (59, 1), (21, 1), (64, 1), (30, 1), (11, 1), (94, 1), (12, 1), (58, 1), (88, 1), (5, 1), (27, 1), (22, 1), (85, 1), (78, 1), (74, 1), 
Generation 83:(64, 1), (21, 1), (59, 1), (43, 1), (44, 1), (36, 1), (67, 1), (71, 1), (56, 1), (91, 1), (50, 1), (10, 1), (55, 1), (20, 1), (26, 1), (14, 1), (7, 1), (52, 1), (65, 1), (6, 1), (45, 1), (9, 1), (47, 1), (23, 1), (95, 1), (63, 1), (94, 1), (66, 1), (32, 1), (19, 1), (82, 1), (75, 1), (28, 1), (70, 1), (72, 1), (2, 1), (49, 1), (18, 1), (31, 1), (96, 1), 
Generation 84:(13, 1), (89, 1), (87, 1), (26, 1), (37, 1), (10, 1), (63, 1), (95, 1), (81, 1), (54, 1), (6, 1), (30, 1), (39, 1), (67, 1), (49, 1), (86, 1), (76, 1), (97, 1), (73, 1), (9, 1), (35, 1), (96, 1), (72, 1), (29, 1), (91, 1), (22, 1), (2, 1), (36, 1), (94, 1), (12, 1), (52, 1), (70, 1), (40, 1), (32, 1), (77, 1), (0, 1), (31, 1), (79, 1), (71, 1), (88, 1), 
Generation 85:(69, 1), (2, 1), (90, 1), (43, 1), (5, 1), (32, 1), (12, 1), (31, 1), (10, 1), (81, 1), (89, 1), (61, 1), (37, 1), (14, 1), (30, 1), (99, 1), (73, 1), (98, 1), (72, 1), (92, 1), (23, 1), (26, 1), (15, 1), (4, 1), (88, 1), (75, 1), (20, 1), (85, 1), (21, 1), (3, 1), (93, 1), (53, 1), (84, 1), (1, 1), (44, 1), (42, 1), (63, 1), (51, 1), (56, 1), (50, 1), 
Generation 86:(88, 1), (47, 1), (90, 1), (11, 1), (86, 1), (91, 1), (1, 1), (74, 1), (77, 1), (26, 1), (67, 1), (76, 1), (0, 1), (79, 1), (13, 1), (35, 1), (18, 1), (31, 1), (15, 1), (60, 1), (25, 1), (3, 1), (97, 1), (49, 1), (66, 1), (84, 1), (80, 1), (57, 1), (39, 1), (51, 1), (45, 1), (42, 1), (82, 1), (33, 1), (94, 1), (64, 1), (36, 1), (19, 1), (73, 1), (24, 1), 
Generation 87:(82, 1), (3, 1), (2, 1), (96, 1), (40, 1), (52, 1), (98, 1), (1, 1), (20, 1), (46, 1), (9, 1), (94, 1), (73, 1), (39, 1), (17, 1), (56, 1), (77, 1), (86, 1), (33, 1), (67, 1), (54, 1), (50, 1), (6, 1), (16, 1), (38, 1), (21, 1), (32, 1), (71, 1), (45, 1), (89, 1), (27, 1), (36, 1), (34, 1), (64, 1), (60, 1), (69, 1), (22, 1), (75, 1), (25, 1), (88, 1), 
Generation 88:(46, 1), (3, 1), (71, 1), (73, 1), (69, 1), (60, 1), (80, 1), (7, 1), (18, 1), (23, 1), (92, 1), (43, 1), (19, 1), (88, 1), (65, 1), (15, 1), (75, 1), (91, 1), (11, 1), (85, 1), (28, 1), (5, 1), (90, 1), (9, 1), (21, 1), (44, 1), (76, 1), (35, 1), (34, 1), (31, 1), (13, 1), (30, 1), (1, 1), (95, 1), (49, 1), (84, 1), (25, 1), (57, 1), (0, 1), (68, 1), 
Generation 89:(21, 1), (22, 1), (27, 1), (4, 1), (45, 1), (36, 1), (35, 1), (86, 1), (18, 1), (47, 1), (17, 1), (8, 1), (53, 1), (2, 1), (26, 1), (51, 1), (70, 1), (6, 1), (13, 1), (93, 1), (46, 1), (90, 1), (76, 1), (58, 1), (64, 1), (40, 1), (49, 1), (63, 1), (84, 1), (28, 1), (31, 1), (9, 1), (5, 1), (54, 1), (12, 1), (88, 1), (89, 1), (87, 1), (67, 1), (57, 1), 
Generation 90:(14, 1), (71, 1), (23, 1), (39, 1), (60, 1), (53, 1), (76, 1), (42, 1), (27, 1), (54, 1), (73, 1), (29, 1), (77, 1), (32, 1), (81, 1), (98, 1), (49, 1), (0, 1), (20, 1), (88, 1), (51, 1), (1, 1), (92, 1), (93, 1), (34, 1), (62, 1), (59, 1), (31, 1), (80, 1), (75, 1), (43, 1), (67, 1), (84, 1), (58, 1), (8, 1), (97, 1), (46, 1), (28, 1), (72, 1), (15, 1), 
Generation 91:(21, 1), (79, 1), (84, 1), (17, 1), (98, 1), (49, 1), (89, 1), (64, 1), (93, 1), (16, 1), (14, 1), (65, 1), (9, 1), (10, 1), (28, 1), (24, 1), (62, 1), (59, 1), (23, 1), (88, 1), (68, 1), (33, 1), (99, 1), (61, 1), (92, 1), (87, 1), (15, 1), (86, 1), (52, 1), (31, 1), (26, 1), (37, 1), (44, 1), (72, 1), (71, 1), (0, 1), (75, 1), (18, 1), (85, 1), (43, 1), 
Generation 92:(64, 1), (59, 1), (62, 1), (41, 1), (70, 1), (67, 1), (99, 1), (19, 1), (52, 1), (96, 1), (94, 1), (27, 1), (91, 1), (66, 1), (58, 1), (82, 1), (56, 1), (47, 1), (24, 1), (11, 1), (90, 1), (92, 1), (38, 1), (31, 1), (42, 1), (85, 1), (33, 1), (61, 1), (13, 1), (83, 1), (77, 1), (97, 1), (32, 1), (17, 1), (15, 1), (23, 1), (9, 1), (21, 1), (35, 1), (78, 1), 
Generation 93:(6, 1), (12, 1), (13, 1), (15, 1), (64, 1), (9, 1), (44, 1), (16, 1), (39, 1), (77, 1), (32, 1), (94, 1), (53, 1), (14, 1), (52, 1), (67, 1), (68, 1), (70, 1), (83, 1), (43, 1), (97, 1), (93, 1), (63, 1), (42, 1), (82, 1), (33, 1), (91, 1), (45, 1), (86, 1), (5, 1), (35, 1), (7, 1), (57, 1), (87, 1), (3, 1), (4, 1), (92, 1), (95, 1), (71, 1), (79, 1), 
Generation 94:(60, 1), (6, 1), (92, 1), (71, 1), (16, 1), (78, 1), (77, 1), (94, 1), (68, 1), (64, 1), (83, 1), (32, 1), (90, 1), (13, 1), (69, 1), (51, 1), (81, 1), (15, 1), (30, 1), (0, 1), (37, 1), (33, 1), (98, 1), (73, 1), (76, 1), (42, 1), (55, 1), (18, 1), (11, 1), (96, 1), (72, 1), (41, 1), (26, 1), (54, 1), (82, 1), (87, 1), (43, 1), (45, 1), (53, 1), (57, 1), 
Generation 95:(24, 1), (78, 1), (20, 1), (71, 1), (25, 1), (58, 1), (47, 1), (91, 1), (34, 1), (69, 1), (99, 1), (82, 1), (11, 1), (63, 1), (93, 1), (90, 1), (61, 1), (87, 1), (31, 1), (26, 1), (72, 1), (2, 1), (94, 1), (51, 1), (59, 1), (54, 1), (96, 1), (18, 1), (9, 1), (50, 1), (62, 1), (10, 1), (15, 1), (17, 1), (4, 1), (97, 1), (38, 1), (77, 1), (21, 1), (7, 1), 
Generation 96:(78, 1), (60, 1), (68, 1), (32, 1), (0, 1), (75, 1), (29, 1), (35, 1), (54, 1), (59, 1), (74, 1), (27, 1), (37, 1), (48, 1), (95, 1), (84, 1), (80, 1), (73, 1), (36, 1), (89, 1), (83, 1), (7, 1), (51, 1), (39, 1), (50, 1), (93, 1), (46, 1), (85, 1), (25, 1), (28, 1), (65, 1), (82, 1), (4, 1), (98, 1), (38, 1), (17, 1), (97, 1), (96, 1), (33, 1), (16, 1), 
Generation 97:(50, 1), (78, 1), (43, 1), (88, 1), (17, 1), (46, 1), (40, 1), (56, 1), (70, 1), (30, 1), (74, 1), (97, 1), (18, 1), (11, 1), (68, 1), (92, 1), (63, 1), (65, 1), (98, 1), (76, 1), (57, 1), (5, 1), (80, 1), (53, 1), (83, 1), (62, 1), (79, 1), (87, 1), (93, 1), (9, 1), (60, 1), (58, 1), (33, 1), (29, 1), (71, 1), (19, 1), (31, 1), (22, 1), (28, 1), (38, 1), 
Generation 98:(11, 1), (13, 1), (87, 1), (76, 1), (3, 1), (82, 1), (56, 1), (10, 1), (55, 1), (90, 1), (18, 1), (89, 1), (97, 1), (86, 1), (67, 1), (64, 1), (57, 1), (48, 1), (70, 1), (98, 1), (75, 1), (6, 1), (9, 1), (34, 1), (83, 1), (59, 1), (85, 1), (46, 1), (84, 1), (23, 1), (4, 1), (31, 1), (0, 1), (44, 1), (40, 1), (81, 1), (28, 1), (49, 1), (22, 1), (94, 1), 
Generation 99:(19, 1), (80, 1), (26, 1), (8, 1), (71, 1), (18, 1), (55, 1), (95, 1), (89, 1), (59, 1), (30, 1), (65, 1), (41, 1), (28, 1), (38, 1), (39, 1), (97, 1), (48, 1), (15, 1), (56, 1), (96, 1), (23, 1), (86, 1), (75, 1), (57, 1), (84, 1), (66, 1), (2, 1), (60, 1), (40, 1), (68, 1), (20, 1), (69, 1), (70, 1), (36, 1), (52, 1), (6, 1), (92, 1), (76, 1), (11, 1), 
Generation 100:(29, 1), (35, 1), (76, 1), (43, 1), (78, 1), (42, 1), (49, 1), (34, 1), (46, 1), (60, 1), (95, 1), (36, 1), (38, 1), (1, 1), (47, 1), (88, 1), (15, 1), (79, 1), (51, 1), (13, 1), (70, 1), (10, 1), (33, 1), (73, 1), (22, 1), (55, 1), (94, 1), (45, 1), (40, 1), (83, 1), (74, 1), (7, 1), (59, 1), (19, 1), (57, 1), (5, 1), (75, 1), (65, 1), (98, 1), (97, 1), 
Generation 101: