Generation 0:
Generation 1:(66, 2), (27, 1), (90, 2), (33, 1), (51, 2), (47, 1), (25, 1), (13, 1), (87, 2), (58, 2), (43, 1), (91, 2), (37, 1), (4, 1), (80, 2), (50, 2), (34, 1), (15, 1), (59, 2), (17, 1), (38, 1), (28, 1), (99, 2), (96, 2), (93, 2), (82, 2), (62, 2), (48, 1), (61, 2), (95, 2), (0, 1), (85, 2), (98, 2), (45, 1), (94, 2), (86, 2), (65, 2), (3, 1), (19, 1), (6, 1), 
Generation 2:(34, 1), (30, 1), (74, 2), (95, 2), (66, 2), (10, 1), (86, 2), (26, 1), (38, 1), (64, 2), (28, 1), (32, 1), (0, 1), (75, 2), (98, 2), (13, 1), (93, 2), (8, 1), (80, 2), (96, 2), (16, 1), (40, 1), (37, 1), (23, 1), (21, 1), (22, 1), (25, 1), (7, 1), (82, 2), (72, 2), (70, 2), (14, 1), (9, 1), (19, 1), (3, 1), (36, 1), (79, 2), (62, 2), (88, 2), (77, 2), 
Generation 3:(38, 1), (94, 2), (39, 1), (37, 1), (61, 2), (67, 2), (13, 1), (95, 2), (19, 1), (20, 1), (60, 2), (82, 2), (6, 1), (43, 1), (86, 2), (70, 2), (75, 2), (26, 1), (97, 2), (47, 1), (98, 2), (22, 1), (3, 1), (85, 2), (8, 1), (25, 1), (1, 1), (88, 2), (59, 2), (2, 1), (90, 2), (63, 2), (11, 1), (58, 2), (45, 1), (81, 2), (72, 2), (91, 2), (16, 1), (12, 1), 
Generation 4:(78, 2), (82, 2), (88, 2), (1, 1), (59, 2), (38, 1), (66, 2), (80, 2), (2, 1), (70, 2), (84, 2), (62, 2), (97, 2), (7, 1), (17, 1), (73, 2), (6, 1), (22, 1), (35, 1), (87, 2), (75, 2), (27, 1), (26, 1), (69, 2), (4, 1), (24, 1), (74, 2), (20, 1), (85, 2), (3, 1), (90, 2), (89, 2), (86, 2), (67, 2), (61, 2), (41, 1), (11, 1), (40, 1), (60, 2), (64, 2), 
Generation 5:(81, 2), (25, 1), (11, 1), (38, 1), (10, 1), (36, 1), (75, 2), (4, 1), (57, 2), (74, 2), (42, 1), (13, 1), (91, 2), (63, 2), (16, 1), (59, 2), (88, 2), (7, 1), (73, 2), (32, 1), (72, 2), (14, 1), (24, 1), (93, 2), (84, 2), (31, 1), (2, 1), (12, 1), (39, 1), (3, 1), (97, 2), (60, 2), (34, 1), (80, 2), (96, 2), (62, 2), (37, 1), (9, 1), (22, 1), (6, 1), 
Generation 6:(59, 2), (28, 1), (58, 2), (90, 2), (95, 2), (84, 2), (79, 2), (1, 1), (26, 1), (99, 2), (94, 2), (66, 2), (40, 1), (25, 1), (39, 1), (63, 2), (4, 1), (62, 2), (83, 2), (18, 1), (69, 2), (34, 1), (13, 1), (89, 2), (61, 2), (80, 2), (33, 1), (19, 1), (22, 1), (87, 2), (6, 1), (23, 1), (31, 1), (41, 1), (72, 2), (12, 1), (92, 2), (15, 1), (88, 2), (20, 1), 
Generation 7:(32, 1), (57, 2), (72, 2), (8, 1), (33, 1), (93, 2), (4, 1), (70, 2), (64, 2), (19, 1), (87, 2), (66, 2), (24, 1), (74, 2), (20, 1), (84, 2), (16, 1), (37, 1), (56, 2), (83, 2), (67, 2), (1, 1), (41, 1), (82, 2), (78, 2), (6, 1), (31, 1), (11, 1), (76, 2), (17, 1), (80, 2), (34, 1), (58, 2), (95, 2), (60, 2), (30, 1), (12, 1), (2, 1), (18, 1), (61, 2), 
Generation 8:(37, 1), (1, 1), (27, 1), (76, 2), (10, 1), (67, 2), (39, 1), (56, 2), (96, 2), (71, 2), (75, 2), (92, 2), (79, 2), (23, 1), (69, 2), (74, 2), (61, 2), (58, 2), (30, 1), (21, 1), (7, 1), (20, 1), (12, 1), (63, 2), (53, 2), (72, 2), (87, 2), (97, 2), (41, 1), (29, 1), (2, 1), (22, 1), (57, 2), (55, 2), (54, 2), (60, 2), (34, 1), (40, 1), (13, 1), (14, 1), 
Generation 9:(7, 1), (83, 2), (68, 2), (86, 2), (0, 1), (87, 2), (34, 1), (89, 2), (12, 1), (77, 2), (30, 1), (2, 1), (23, 1), (61, 2), (14, 1), (91, 2), (81, 2), (31, 1), (8, 1), (27, 1), (95, 2), (96, 2), (64, 2), (10, 1), (88, 2), (22, 1), (84, 2), (98, 2), (21, 1), (97, 2), (94, 2), (76, 2), (80, 2), (3, 1), (6, 1), (4, 1), (56, 2), (13, 1), (93, 2), (29, 1), 
Generation 10:(65, 2), (19, 1), (52, 2), (90, 2), (77, 2), (66, 2), (35, 1), (71, 2), (84, 2), (7, 1), (41, 1), (56, 2), (20, 1), (14, 1), (76, 2), (82, 2), (11, 1), (95, 2), (93, 2), (22, 1), (60, 2), (58, 2), (74, 2), (23, 1), (25, 1), (13, 1), (31, 1), (86, 2), (92, 2), (39, 1), (21, 1), (75, 2), (57, 2), (28, 1), (40, 1), (85, 2), (97, 2), (67, 2), (3, 1), (24, 1), 
Generation 11:(35, 1), (71, 2), (18, 1), (31, 1), (93, 2), (15, 1), (57, 2), (63, 2), (3, 1), (55, 2), (90, 2), (38, 1), (60, 2), (20, 1), (8, 1), (39, 1), (86, 2), (68, 2), (7, 1), (11, 1), (53, 2), (82, 2), (78, 2), (2, 1), (99, 2), (67, 2), (62, 2), (25, 1), (23, 1), (27, 1), (70, 2), (95, 2), (4, 1), (83, 2), (5, 1), (24, 1), (97, 2), (56, 2), (89, 2), (58, 2), 
Generation 12:(24, 1), (32, 1), (10, 1), (2, 1), (73, 2), (92, 2), (1, 1), (11, 1), (58, 2), (97, 2), (53, 2), (70, 2), (16, 1), (81, 2), (13, 1), (31, 1), (62, 2), (33, 1), (5, 1), (91, 2), (8, 1), (90, 2), (64, 2), (26, 1), (95, 2), (22, 1), (12, 1), (75, 2), (18, 1), (88, 2), (27, 1), (56, 2), (76, 2), (59, 2), (14, 1), (96, 2), (84, 2), (82, 2), (6, 1), (78, 2), 
Generation 13:(18, 1), (33, 1), (56, 2), (64, 2), (10, 1), (74, 2), (4, 1), (58, 2), (29, 1), (61, 2), (15, 1), (78, 2), (21, 1), (66, 2), (88, 2), (95, 2), (8, 1), (49, 2), (83, 2), (91, 2), (17, 1), (24, 1), (34, 1), (82, 2), (36, 1), (77, 2), (35, 1), (19, 1), (5, 1), (70, 2), (92, 2), (23, 1), (89, 2), (98, 2), (7, 1), (99, 2), (84, 2), (93, 2), (94, 2), (55, 2), 
Generation 14:(2, 1), (33, 1), (16, 1), (61, 2), (98, 2), (50, 2), (52, 2), (93, 2), (10, 1), (8, 1), (77, 2), (68, 2), (60, 2), (74, 2), (78, 2), (24, 1), (95, 2), (79, 2), (91, 2), (0, 1), (29, 1), (21, 1), (59, 2), (28, 1), (89, 2), (4, 1), (85, 2), (72, 2), (58, 2), (26, 1), (83, 2), (75, 2), (87, 2), (20, 1), (63, 2), (62, 2), (51, 2), (9, 1), (81, 2), (35, 1), 
Generation 15:(27, 1), (33, 1), (9, 1), (63, 2), (83, 2), (73, 2), (78, 2), (6, 1), (99, 2), (57, 2), (89, 2), (71, 2), (61, 2), (97, 2), (74, 2), (21, 1), (19, 1), (88, 2), (5, 1), (60, 2), (72, 2), (75, 2), (0, 1), (3, 1), (93, 2), (23, 1), (34, 1), (86, 2), (67, 2), (17, 1), (62, 2), (69, 2), (15, 1), (54, 2), (10, 1), (26, 1), (1, 1), (68, 2), (76, 2), (13, 1), 
Generation 16:(53, 2), (55, 2), (63, 2), (84, 2), (5, 1), (78, 2), (20, 1), (70, 2), (94, 2), (57, 2), (28, 1), (25, 1), (97, 2), (9, 1), (6, 1), (58, 2), (29, 1), (47, 2), (66, 2), (10, 1), (1, 1), (3, 1), (37, 1), (11, 1), (4, 1), (96, 2), (98, 2), (83, 2), (34, 1), (67, 2), (49, 2), (65, 2), (75, 2), (59, 2), (27, 1), (33, 1), (23, 1), (2, 1), (26, 1), (62, 2), 
Generation 17:(23, 1), (91, 2), (74, 2), (68, 2), (72, 2), (57, 2), (22, 1), (50, 2), (86, 2), (67, 2), (49, 2), (95, 2), (89, 2), (32, 1), (53, 2), (17, 1), (15, 1), (99, 2), (94, 2), (87, 2), (64, 2), (93, 2), (66, 2), (85, 2), (7, 1), (69, 2), (78, 2), (75, 2), (1, 1), (21, 1), (77, 2), (24, 1), (0, 1), (60, 2), (63, 2), (10, 1), (58, 2), (16, 1), (98, 2), (83, 2), 
Generation 18:(56, 2), (78, 2), (4, 1), (54, 2), (32, 1), (84, 2), (5, 1), (74, 2), (55, 2), (82, 2), (28, 1), (90, 2), (7, 1), (64, 2), (44, 2), (24, 1), (19, 1), (60, 2), (69, 2), (47, 2), (94, 2), (45, 2), (29, 1), (75, 2), (15, 1), (9, 1), (95, 2), (2, 1), (21, 1), (10, 1), (22, 1), (66, 2), (16, 1), (51, 2), (48, 2), (13, 1), (87, 2), (53, 2), (88, 2), (80, 2), 
Generation 19:(95, 2), (20, 1), (76, 2), (28, 1), (51, 2), (79, 2), (90, 2), (3, 1), (8, 1), (24, 1), (9, 1), (83, 2), (72, 2), (75, 2), (92, 2), (25, 1), (13, 1), (42, 2), (66, 2), (98, 2), (82, 2), (67, 2), (64, 2), (2, 1), (26, 1), (14, 1), (63, 2), (55, 2), (96, 2), (61, 2), (48, 2), (99, 2), (7, 1), (57, 2), (0, 1), (86, 2), (44, 2), (5, 1), (19, 1), (21, 1), 
Generation 20:(56, 2), (80, 2), (16, 1), (26, 1), (97, 2), (89, 2), (45, 2), (74, 2), (76, 2), (62, 2), (70, 2), (48, 2), (93, 2), (72, 2), (19, 1), (10, 1), (28, 1), (92, 2), (0, 1), (61, 2), (79, 2), (20, 1), (42, 2), (68, 2), (9, 1), (51, 2), (88, 2), (69, 2), (99, 2), (43, 2), (87, 2), (21, 1), (17, 1), (23, 1), (95, 2), (86, 2), (78, 2), (5, 1), (13, 1), (1, 1), 
Generation 21:(57, 2), (61, 2), (67, 2), (74, 2), (24, 1), (99, 2), (45, 2), (65, 2), (83, 2), (95, 2), (5, 1), (48, 2), (82, 2), (89, 2), (79, 2), (49, 2), (28, 1), (76, 2), (93, 2), (69, 2), (91, 2), (90, 2), (42, 2), (88, 2), (8, 1), (68, 2), (70, 2), (77, 2), (20, 1), (16, 1), (59, 2), (94, 2), (92, 2), (84, 2), (97, 2), (1, 1), (58, 2), (80, 2), (50, 2), (44, 2), 
Generation 22:(47, 2), (86, 2), (43, 2), (46, 2), (72, 2), (7, 1), (79, 2), (2, 1), (16, 1), (19, 1), (22, 1), (90, 2), (18, 1), (13, 1), (91, 2), (53, 2), (4, 1), (44, 2), (49, 2), (95, 2), (76, 2), (63, 2), (83, 2), (8, 1), (81, 2), (89, 2), (56, 2), (75, 2), (3, 1), (23, 1), (73, 2), (67, 2), (1, 1), (71, 2), (85, 2), (84, 2), (51, 2), (20, 1), (87, 2), (99, 2), 
Generation 23:(93, 2), (42, 2), (95, 2), (94, 2), (82, 2), (4, 1), (19, 1), (68, 2), (57, 2), (18, 1), (85, 2), (23, 1), (78, 2), (77, 2), (12, 1), (36, 2), (7, 1), (52, 2), (54, 2), (39, 2), (8, 1), (86, 2), (91, 2), (53, 2), (96, 2), (50, 2), (65, 2), (58, 2), (14, 1), (99, 2), (20, 1), (41, 2), (97, 2), (2, 1), (15, 1), (80, 2), (81, 2), (25, 1), (5, 1), (90, 2), 
Generation 24:(88, 2), (56, 2), (3, 1), (42, 2), (40, 2), (5, 1), (70, 2), (85, 2), (7, 1), (53, 2), (8, 1), (72, 2), (54, 2), (39, 2), (44, 2), (89, 2), (84, 2), (1, 1), (37, 2), (75, 2), (14, 1), (16, 1), (73, 2), (95, 2), (12, 1), (66, 2), (13, 1), (99, 2), (52, 2), (71, 2), (74, 2), (57, 2), (6, 1), (20, 1), (86, 2), (97, 2), (98, 2), (92, 2), (38, 2), (87, 2), 
Generation 25:(57, 2), (9, 1), (99, 2), (36, 2), (78, 2), (83, 2), (59, 2), (18, 1), (49, 2), (92, 2), (87, 2), (27, 2), (81, 2), (1, 1), (55, 2), (61, 2), (0, 1), (31, 2), (14, 1), (43, 2), (11, 1), (66, 2), (51, 2), (10, 1), (42, 2), (13, 1), (86, 2), (35, 2), (91, 2), (4, 1), (93, 2), (33, 2), (53, 2), (84, 2), (34, 2), (54, 2), (46, 2), (64, 2), (70, 2), (39, 2), 
Generation 26:(62, 2), (53, 2), (48, 2), (10, 1), (64, 2), (25, 2), (41, 2), (6, 1), (51, 2), (99, 2), (52, 2), (38, 2), (59, 2), (37, 2), (4, 1), (92, 2), (69, 2), (86, 2), (3, 1), (13, 1), (91, 2), (26, 2), (79, 2), (90, 2), (46, 2), (42, 2), (28, 2), (36, 2), (56, 2), (33, 2), (76, 2), (50, 2), (72, 2), (65, 2), (43, 2), (44, 2), (61, 2), (27, 2), (81, 2), (0, 1), 
Generation 27:(79, 2), (22, 2), (98, 2), (81, 2), (97, 2), (57, 2), (36, 2), (30, 2), (49, 2), (50, 2), (78, 2), (35, 2), (87, 2), (75, 2), (18, 2), (40, 2), (45, 2), (21, 2), (33, 2), (6, 1), (20, 2), (32, 2), (77, 2), (64, 2), (47, 2), (34, 2), (85, 2), (95, 2), (4, 1), (56, 2), (74, 2), (29, 2), (43, 2), (26, 2), (19, 2), (94, 2), (53, 2), (62, 2), (0, 1), (90, 2), 
Generation 28:(71, 2), (12, 2), (37, 2), (54, 2), (86, 2), (80, 2), (52, 2), (49, 2), (99, 2), (14, 2), (66, 2), (76, 2), (95, 2), (60, 2), (50, 2), (27, 2), (23, 2), (62, 2), (48, 2), (94, 2), (90, 2), (29, 2), (22, 2), (64, 2), (74, 2), (87, 2), (44, 2), (11, 2), (67, 2), (10, 2), (57, 2), (51, 2), (83, 2), (63, 2), (41, 2), (73, 2), (17, 2), (89, 2), (15, 2), (24, 2), 
Generation 29:(20, 1), (92, 1), (82, 1), (34, 1), (13, 1), (26, 1), (48, 1), (46, 1), (86, 1), (32, 1), (33, 1), (45, 1), (19, 1), (10, 1), (23, 1), (51, 1), (47, 1), (88, 1), (38, 1), (21, 1), (1, 1), (76, 1), (83, 1), (85, 1), (22, 1), (6, 1), (80, 1), (74, 1), (56, 1), (52, 1), (37, 1), (93, 1), (15, 1), (60, 1), (3, 1), (4, 1), (81, 1), (31, 1), (49, 1), (14, 1), 
Generation 30:(70, 1), (9, 1), (57, 1), (26, 1), (55, 1), (29, 1), (10, 1), (51, 1), (81, 1), (41, 1), (36, 1), (99, 1), (83, 1), (77, 1), (75, 1), (96, 1), (94, 1), (88, 1), (50, 1), (72, 1), (2, 1), (5, 1), (68, 1), (1, 1), (64, 1), (35, 1), (59, 1), (23, 1), (73, 1), (34, 1), (19, 1), (39, 1), (82, 1), (6, 1), (86, 1), (43, 1), (89, 1), (28, 1), (0, 1), (90, 1), 
Generation 31:(93, 1), (10, 1), (58, 1), (87, 1), (86, 1), (3, 1), (48, 1), (6, 1), (57, 1), (43, 1), (78, 1), (27, 1), (81, 1), (28, 1), (25, 1), (35, 1), (15, 1), (19, 1), (7, 1), (30, 1), (36, 1), (20, 1), (50, 1), (70, 1), (63, 1), (66, 1), (21, 1), (23, 1), (47, 1), (12, 1), (80, 1), (99, 1), (89, 1), (26, 1), (98, 1), (55, 1), (1, 1), (46, 1), (65, 1), (39, 1), 
Generation 32:(16, 1), (90, 1), (6, 1), (93, 1), (71, 1), (98, 1), (45, 1), (3, 1), (34, 1), (83, 1), (50, 1), (62, 1), (22, 1), (18, 1), (19, 1), (55, 1), (28, 1), (67, 1), (80, 1), (94, 1), (49, 1), (1, 1), (23, 1), (40, 1), (61, 1), (41, 1), (8, 1), (97, 1), (31, 1), (35, 1), (84, 1), (10, 1), (70, 1), (48, 1), (87, 1), (21, 1), (20, 1), (44, 1), (82, 1), (51, 1), 
Generation 33:(40, 1), (29, 1), (76, 1), (42, 1), (66, 1), (91, 1), (54, 1), (53, 1), (37, 1), (1, 1), (52, 1), (98, 1), (71, 1), (74, 1), (60, 1), (94, 1), (12, 1), (79, 1), (23, 1), (85, 1), (21, 1), (57, 1), (43, 1), (95, 1), (82, 1), (35, 1), (68, 1), (97, 1), (59, 1), (51, 1), (3, 1), (24, 1), (9, 1), (11, 1), (16, 1), (27, 1), (96, 1), (32, 1), (10, 1), (50, 1), 
Generation 34:(11, 1), (72, 1), (19, 1), (67, 1), (46, 1), (57, 1), (26, 1), (97, 1), (69, 1), (95, 1), (0, 1), (27, 1), (4, 1), (37, 1), (56, 1), (36, 1), (12, 1), (80, 1), (43, 1), (29, 1), (47, 1), (21, 1), (78, 1), (35, 1), (25, 1), (31, 1), (34, 1), (50, 1), (90, 1), (54, 1), (73, 1), (45, 1), (58, 1), (28, 1), (38, 1), (98, 1), (89, 1), (55, 1), (8, 1), (76, 1), 
Generation 35:(80, 1), (51, 1), (97, 1), (55, 1), (7, 1), (6, 1), (20, 1), (50, 1), (42, 1), (87, 1), (53, 1), (57, 1), (14, 1), (23, 1), (27, 1), (10, 1), (41, 1), (43, 1), (0, 1), (71, 1), (98, 1), (25, 1), (30, 1), (83, 1), (69, 1), (2, 1), (58, 1), (38, 1), (17, 1), (32, 1), (28, 1), (79, 1), (93, 1), (70, 1), (44, 1), (40, 1), (96, 1), (77, 1), (37, 1), (4, 1), 
Generation 36:(35, 1), (72, 1), (99, 1), (24, 1), (52, 1), (7, 1), (93, 1), (33, 1), (40, 1), (6, 1), (11, 1), (41, 1), (78, 1), (97, 1), (83, 1), (50, 1), (81, 1), (34, 1), (5, 1), (86, 1), (17, 1), (58, 1), (98, 1), (96, 1), (3, 1), (64, 1), (38, 1), (25, 1), (82, 1), (28, 1), (51, 1), (43, 1), (49, 1), (71, 1), (92, 1), (75, 1), (80, 1), (36, 1), (66, 1), (39, 1), 
Generation 37:(49, 1), (42, 1), (45, 1), (23, 1), (91, 1), (79, 1), (85, 1), (51, 1), (57, 1), (65, 1), (66, 1), (60, 1), (25, 1), (7, 1), (38, 1), (2, 1), (82, 1), (43, 1), (63, 1), (92, 1), (67, 1), (64, 1), (96, 1), (89, 1), (62, 1), (74, 1), (61, 1), (9, 1), (18, 1), (35, 1), (80, 1), (28, 1), (27, 1), (99, 1), (53, 1), (12, 1), (73, 1), (97, 1), (54, 1), (72, 1), 
Generation 38:(7, 1), (55, 1), (75, 1), (92, 1), (76, 1), (25, 1), (51, 1), (20, 1), (19, 1), (1, 1), (28, 1), (46, 1), (73, 1), (38, 1), (4, 1), (82, 1), (94, 1), (23, 1), (70, 1), (80, 1), (9, 1), (34, 1), (50, 1), (79, 1), (97, 1), (33, 1), (12, 1), (93, 1), (59, 1), (95, 1), (89, 1), (48, 1), (56, 1), (8, 1), (3, 1), (61, 1), (22, 1), (69, 1), (15, 1), (65, 1), 
Generation 39:(90, 1), (83, 1), (99, 1), (26, 1), (89, 1), (25, 1), (65, 1), (68, 1), (97, 1), (59, 1), (93, 1), (0, 1), (24, 1), (20, 1), (91, 1), (5, 1), (12, 1), (19, 1), (61, 1), (35, 1), (6, 1), (67, 1), (77, 1), (64, 1), (8, 1), (62, 1), (46, 1), (31, 1), (44, 1), (94, 1), (57, 1), (16, 1), (75, 1), (86, 1), (13, 1), (23, 1), (28, 1), (27, 1), (95, 1), (15, 1), 
Generation 40:(42, 1), (23, 1), (80, 1), (89, 1), (20, 1), (4, 1), (40, 1), (93, 1), (56, 1), (16, 1), (97, 1), (1, 1), (2, 1), (19, 1), (64, 1), (66, 1), (17, 1), (27, 1), (25, 1), (85, 1), (88, 1), (55, 1), (79, 1), (61, 1), (91, 1), (44, 1), (92, 1), (51, 1), (87, 1), (29, 1), (78, 1), (14, 1), (73, 1), (31, 1), (81, 1), (70, 1), (24, 1), (95, 1), (50, 1), (84, 1), 
Generation 41:(41, 1), (93, 1), (17, 1), (21, 1), (30, 1), (89, 1), (79, 1), (22, 1), (57, 1), (53, 1), (90, 1), (12, 1), (59, 1), (26, 1), (82, 1), (33, 1), (3, 1), (47, 1), (65, 1), (49, 1), (54, 1), (60, 1), (66, 1), (71, 1), (84, 1), (1, 1), (43, 1), (83, 1), (37, 1), (92, 1), (46, 1), (86, 1), (56, 1), (10, 1), (20, 1), (96, 1), (74, 1), (45, 1), (7, 1), (25, 1), 
Generation 42:(19, 1), (52, 1), (69, 1), (61, 1), (35, 1), (12, 1), (1, 1), (64, 1), (92, 1), (37, 1), (97, 1), (95, 1), (55, 1), (53, 1), (63, 1), (76, 1), (7, 1), (28, 1), (91, 1), (4, 1), (29, 1), (40, 1), (34, 1), (38, 1), (80, 1), (68, 1), (30, 1), (70, 1), (0, 1), (26, 1), (98, 1), (17, 1), (58, 1), (45, 1), (71, 1), (6, 1), (2, 1), (49, 1), (87, 1), (20, 1), 
Generation 43:(7, 1), (92, 1), (50, 1), (5, 1), (20, 1), (48, 1), (12, 1), (56, 1), (91, 1), (71, 1), (37, 1), (53, 1), (42, 1), (49, 1), (14, 1), (97, 1), (8, 1), (96, 1), (87, 1), (66, 1), (24, 1), (45, 1), (57, 1), (60, 1), (29, 1), (94, 1), (21, 1), (40, 1), (65, 1), (22, 1), (64, 1), (69, 1), (9, 1), (73, 1), (1, 1), (10, 1), (95, 1), (25, 1), (28, 1), (38, 1), 
Generation 44:(5, 1), (50, 1), (7, 1), (82, 1), (71, 1), (1, 1), (40, 1), (73, 1), (46, 1), (95, 1), (2, 1), (17, 1), (99, 1), (59, 1), (30, 1), (96, 1), (83, 1), (20, 1), (53, 1), (27, 1), (72, 1), (26, 1), (8, 1), (47, 1), (93, 1), (92, 1), (51, 1), (63, 1), (21, 1), (77, 1), (25, 1), (52, 1), (41, 1), (12, 1), (75, 1), (89, 1), (31, 1), (22, 1), (58, 1), (34, 1), 
Generation 45:(56, 1), (58, 1), (84, 1), (50, 1), (72, 1), (31, 1), (96, 1), (78, 1), (18, 1), (88, 1), (3, 1), (27, 1), (91, 1), (97, 1), (98, 1), (74, 1), (12, 1), (94, 1), (40, 1), (55, 1), (35, 1), (80, 1), (2, 1), (65, 1), (92, 1), (17, 1), (87, 1), (14, 1), (1, 1), (61, 1), (34, 1), (62, 1), (59, 1), (0, 1), (52, 1), (64, 1), (79, 1), (51, 1), (86, 1), (19, 1), 
Generation 46:(80, 1), (16, 1), (61, 1), (39, 1), (95, 1), (90, 1), (24, 1), (76, 1), (32, 1), (17, 1), (72, 1), (2, 1), (71, 1), (81, 1), (70, 1), (9, 1), (40, 1), (87, 1), (43, 1), (25, 1), (85, 1), (53, 1), (68, 1), (52, 1), (14, 1), (5, 1), (37, 1), (35, 1), (73, 1), (11, 1), (46, 1), (64, 1), (0, 1), (88, 1), (98, 1), (66, 1), (8, 1), (56, 1), (89, 1), (67, 1), 
Generation 47:(49, 1), (58, 1), (83, 1), (18, 1), (2, 1), (82, 1), (0, 1), (94, 1), (21, 1), (11, 1), (22, 1), (71, 1), (62, 1), (6, 1), (69, 1), (90, 1), (37, 1), (61, 1), (55, 1), (43, 1), (97, 1), (7, 1), (96, 1), (68, 1), (81, 1), (48, 1), (39, 1), (54, 1), (29, 1), (74, 1), (28, 1), (46, 1), (77, 1), (42, 1), (3, 1), (84, 1), (76, 1), (80, 1), (30, 1), (24, 1), 
Generation 48:(41, 1), (49, 1), (87, 1), (84, 1), (39, 1), (18, 1), (91, 1), (95, 1), (69, 1), (16, 1), (74, 1), (51, 1), (80, 1), (78, 1), (70, 1), (11, 1), (27, 1), (2, 1), (37, 1), (45, 1), (1, 1), (79, 1), (63, 1), (75, 1), (90, 1), (14, 1), (23, 1), (12, 1), (86, 1), (71, 1), (67, 1), (94, 1), (43, 1), (25, 1), (73, 1), (33, 1), (13, 1), (7, 1), (24, 1), (99, 1), 
Generation 49:(95, 1), (84, 1), (25, 1), (54, 1), (50, 1), (65, 1), (2, 1), (6, 1), (20, 1), (60, 1), (85, 1), (34, 1), (81, 1), (71, 1), (40, 1), (21, 1), (32, 1), (75, 1), (49, 1), (48, 1), (31, 1), (51, 1), (82, 1), (29, 1), (88, 1), (18, 1), (8, 1), (26, 1), (37, 1), (15, 1), (36, 1), (90, 1), (72, 1), (58, 1), (5, 1), (19, 1), (55, 1), (93, 1), (0, 1), (38, 1), 
Generation 50:(90, 1), (92, 1), (75, 1), (40, 1), (45, 1), (98, 1), (31, 1), (93, 1), (97, 1), (77, 1), (56, 1), (96, 1), (89, 1), (94, 1), (25, 1), (85, 1), (14, 1), (53, 1), (15, 1), (70, 1), (33, 1), (59, 1), (4, 1), (8, 1), (35, 1), (50, 1), (20, 1), (80, 1), (54, 1), (65, 1), (16, 1), (47, 1), (21, 1), (88, 1), (41, 1), (36, 1), (9, 1), (76, 1), (86, 1), (11, 1), 
Generation 51:(71, 1), (23, 1), (9, 1), (50, 1), (83, 1), (92, 1), (14, 1), (77, 1), (96, 1), (89, 1), (95, 1), (45, 1), (88, 1), (20, 1), (80, 1), (99, 1), (43, 1), (52, 1), (78, 1), (36, 1), (26, 1), (34, 1), (51, 1), (0, 1), (30, 1), (72, 1), (3, 1), (67, 1), (85, 1), (55, 1), (12, 1), (16, 1), (74, 1), (63, 1), (7, 1), (84, 1), (2, 1), (41, 1), (65, 1), (76, 1), 
Generation 52:(67, 1), (4, 1), (87, 1), (76, 1), (74, 1), (18, 1), (34, 1), (16, 1), (80, 1), (8, 1), (52, 1), (9, 1), (78, 1), (89, 1), (71, 1), (5, 1), (41, 1), (77, 1), (53, 1), (42, 1), (73, 1), (35, 1), (20, 1), (68, 1), (81, 1), (24, 1), (93, 1), (0, 1), (95, 1), (43, 1), (88, 1), (50, 1), (3, 1), (36, 1), (38, 1), (55, 1), (63, 1), (39, 1), (75, 1), (44, 1), 
Generation 53:(6, 1), (82, 1), (83, 1), (35, 1), (96, 1), (81, 1), (63, 1), (41, 1), (20, 1), (95, 1), (84, 1), (1, 1), (49, 1), (75, 1), (2, 1), (47, 1), (40, 1), (17, 1), (93, 1), (44, 1), (51, 1), (68, 1), (46, 1), (30, 1), (32, 1), (25, 1), (58, 1), (24, 1), (9, 1), (52, 1), (79, 1), (69, 1), (27, 1), (77, 1), (76, 1), (61, 1), (78, 1), (62, 1), (71, 1), (31, 1), 
Generation 54:(73, 1), (69, 1), (39, 1), (33, 1), (26, 1), (44, 1), (99, 1), (53, 1), (93, 1), (60, 1), (75, 1), (42, 1), (0, 1), (3, 1), (86, 1), (21, 1), (49, 1), (24, 1), (8, 1), (34, 1), (62, 1), (48, 1), (43, 1), (61, 1), (17, 1), (30, 1), (84, 1), (83, 1), (85, 1), (97, 1), (41, 1), (14, 1), (72, 1), (51, 1), (36, 1), (80, 1), (37, 1), (20, 1), (58, 1), (22, 1), 
Generation 55:(86, 1), (28, 1), (43, 1), (87, 1), (20, 1), (80, 1), (7, 1), (57, 1), (74, 1), (56, 1), (96, 1), (70, 1), (18, 1), (24, 1), (92, 1), (5, 1), (94, 1), (0, 1), (61, 1), (85, 1), (95, 1), (63, 1), (76, 1), (51, 1), (52, 1), (53, 1), (36, 1), (78, 1), (50, 1), (66, 1), (4, 1), (55, 1), (72, 1), (46, 1), (32, 1), (60, 1), (75, 1), (38, 1), (39, 1), (13, 1), 
Generation 56:(85, 1), (49, 1), (32, 1), (82, 1), (43, 1), (12, 1), (94, 1), (33, 1), (3, 1), (73, 1), (62, 1), (60, 1), (59, 1), (51, 1), (78, 1), (66, 1), (5, 1), (58, 1), (76, 1), (9, 1), (77, 1), (4, 1), (11, 1), (39, 1), (40, 1), (52, 1), (30, 1), (38, 1), (7, 1), (10, 1), (91, 1), (48, 1), (23, 1), (22, 1), (17, 1), (96, 1), (15, 1), (14, 1), (0, 1), (95, 1), 
Generation 57:(6, 1), (15, 1), (51, 1), (84, 1), (10, 1), (43, 1), (71, 1), (0, 1), (33, 1), (19, 1), (94, 1), (57, 1), (8, 1), (97, 1), (5, 1), (14, 1), (78, 1), (46, 1), (58, 1), (82, 1), (24, 1), (44, 1), (95, 1), (67, 1), (7, 1), (85, 1), (2, 1), (23, 1), (40, 1), (72, 1), (87, 1), (56, 1), (32, 1), (18, 1), (54, 1), (89, 1), (88, 1), (53, 1), (59, 1), (74, 1), 
Generation 58:(58, 1), (77, 1), (22, 1), (15, 1), (12, 1), (83, 1), (9, 1), (13, 1), (96, 1), (55, 1), (23, 1), (56, 1), (74, 1), (68, 1), (6, 1), (92, 1), (33, 1), (42, 1), (3, 1), (30, 1), (73, 1), (44, 1), (67, 1), (78, 1), (14, 1), (60, 1), (16, 1), (8, 1), (90, 1), (47, 1), (28, 1), (95, 1), (50, 1), (2, 1), (81, 1), (76, 1), (79, 1), (36, 1), (61, 1), (4, 1), 
Generation 59:(40, 1), (95, 1), (98, 1), (61, 1), (33, 1), (93, 1), (54, 1), (41, 1), (43, 1), (30, 1), (52, 1), (50, 1), (58, 1), (79, 1), (7, 1), (17, 1), (49, 1), (18, 1), (51, 1), (67, 1), (45, 1), (77, 1), (53, 1), (97, 1), (21, 1), (82, 1), (11, 1), (56, 1), (37, 1), (4, 1), (23, 1), (57, 1), (89, 1), (47, 1), (71, 1), (90, 1), (88, 1), (78, 1), (39, 1), (10, 1), 
Generation 60:(5, 1), (34, 1), (25, 1), (1, 1), (3, 1), (23, 1), (18, 1), (24, 1), (45, 1), (71, 1), (50, 1), (31, 1), (82, 1), (61, 1), (58, 1), (91, 1), (65, 1), (86, 1), (89, 1), (32, 1), (81, 1), (97, 1), (48, 1), (42, 1), (37, 1), (72, 1), (35, 1), (69, 1), (94, 1), (78, 1), (53, 1), (29, 1), (83, 1), (11, 1), (13, 1), (95, 1), (52, 1), (15, 1), (17, 1), (64, 1), 
Generation 61:(67, 1), (4, 1), (35, 1), (55, 1), (48, 1), (11, 1), (80, 1), (15, 1), (36, 1), (28, 1), (23, 1), (60, 1), (18, 1), (5, 1), (50, 1), (97, 1), (58, 1), (38, 1), (89, 1), (44, 1), (86, 1), (33, 1), (29, 1), (54, 1), (20, 1), (41, 1), (12, 1), (87, 1), (40, 1), (32, 1), (59, 1), (10, 1), (21, 1), (14, 1), (53, 1), (43, 1), (16, 1), (13, 1), (9, 1), (78, 1), 
Generation 62:(22, 1), (17, 1), (24, 1), (56, 1), (38, 1), (61, 1), (98, 1), (43, 1), (46, 1), (27, 1), (40, 1), (9, 1), (1, 1), (58, 1), (67, 1), (62, 1), (57, 1), (23, 1), (60, 1), (14, 1), (3, 1), (19, 1), (25, 1), (66, 1), (85, 1), (2, 1), (55, 1), (35, 1), (69, 1), (68, 1), (26, 1), (44, 1), (18, 1), (33, 1), (0, 1), (95, 1), (20, 1), (79, 1), (65, 1), (34, 1), 
Generation 63:(37, 1), (18, 1), (39, 1), (61, 1), (26, 1), (35, 1), (64, 1), (45, 1), (81, 1), (77, 1), (88, 1), (66, 1), (83, 1), (33, 1), (54, 1), (73, 1), (48, 1), (11, 1), (79, 1), (94, 1), (20, 1), (69, 1), (58, 1), (59, 1), (71, 1), (10, 1), (25, 1), (34, 1), (52, 1), (76, 1), (0, 1), (72, 1), (62, 1), (4, 1), (93, 1), (29, 1), (43, 1), (36, 1), (15, 1), (57, 1), 
Generation 64:(32, 1), (14, 1), (93, 1), (74, 1), (95, 1), (34, 1), (86, 1), (47, 1), (54, 1), (87, 1), (90, 1), (20, 1), (17, 1), (75, 1), (3, 1), (2, 1), (5, 1), (84, 1), (31, 1), (21, 1), (66, 1), (25, 1), (36, 1), (79, 1), (77, 1), (52, 1), (59, 1), (99, 1), (63, 1), (4, 1), (48, 1), (88, 1), (7, 1), (81, 1), (42, 1), (12, 1), (40, 1), (9, 1), (96, 1), (94, 1), 
Generation 65:(60, 1), (2, 1), (16, 1), (13, 1), (71, 1), (19, 1), (37, 1), (48, 1), (99, 1), (34, 1), (22, 1), (3, 1), (9, 1), (31, 1), (95, 1), (58, 1), (44, 1), (38, 1), (41, 1), (91, 1), (68, 1), (47, 1), (75, 1), (88, 1), (0, 1), (65, 1), (18, 1), (72, 1), (55, 1), (61, 1), (93, 1), (20, 1), (26, 1), (85, 1), (70, 1), (54, 1), (6, 1), (42, 1), (15, 1), (87, 1), 
Generation 66:(2, 1), (54, 1), (74, 1), (24, 1), (48, 1), (68, 1), (45, 1), (67, 1), (72, 1), (58, 1), (50, 1), (57, 1), (7, 1), (52, 1), (75, 1), (85, 1), (44, 1), (11, 1), (66, 1), (65, 1), (97, 1), (59, 1), (93, 1), (60, 1), (14, 1), (78, 1), (5, 1), (64, 1), (19, 1), (36, 1), (21, 1), (16, 1), (40, 1), (47, 1), (27, 1), (46, 1), (20, 1), (95, 1), (26, 1), (77, 1), 
Generation 67:(7, 1), (61, 1), (72, 1), (83, 1), (17, 1), (30, 1), (82, 1), (3, 1), (74, 1), (55, 1), (31, 1), (36, 1), (58, 1), (14, 1), (85, 1), (80, 1), (71, 1), (28, 1), (50, 1), (35, 1), (98, 1), (12, 1), (11, 1), (65, 1), (1, 1), (9, 1), (92, 1), (70, 1), (60, 1), (68, 1), (99, 1), (78, 1), (2, 1), (44, 1), (88, 1), (8, 1), (26, 1), (19, 1), (94, 1), (91, 1), 
Generation 68:(9, 1), (63, 1), (33, 1), (5, 1), (75, 1), (36, 1), (11, 1), (21, 1), (56, 1), (19, 1), (4, 1), (37, 1), (83, 1), (44, 1), (48, 1), (80, 1), (71, 1), (77, 1), (55, 1), (24, 1), (54, 1), (25, 1), (64, 1), (17, 1), (23, 1), (65, 1), (94, 1), (7, 1), (27, 1), (29, 1), (22, 1), (1, 1), (85, 1), (10, 1), (28, 1), (0, 1), (43, 1), (95, 1), (15, 1), (45, 1), 
Generation 69:(97, 1), (55, 1), (7, 1), (8, 1), (67, 1), (24, 1), (2, 1), (86, 1), (79, 1), (50, 1), (18, 1), (32, 1), (13, 1), (64, 1), (92, 1), (26, 1), (35, 1), (84, 1), (11, 1), (56, 1), (1, 1), (81, 1), (94, 1), (20, 1), (88, 1), (4, 1), (53, 1), (98, 1), (90, 1), (30, 1), (34, 1), (93, 1), (37, 1), (25, 1), (54, 1), (72, 1), (82, 1), (91, 1), (14, 1), (44, 1), 
Generation 70:(44, 1), (94, 1), (79, 1), (41, 1), (98, 1), (95, 1), (15, 1), (69, 1), (16, 1), (63, 1), (22, 1), (13, 1), (66, 1), (0, 1), (2, 1), (30, 1), (85, 1), (48, 1), (21, 1), (52, 1), (33, 1), (31, 1), (5, 1), (32, 1), (55, 1), (35, 1), (42, 1), (49, 1), (81, 1), (93, 1), (6, 1), (43, 1), (25, 1), (37, 1), (67, 1), (18, 1), (96, 1), (46, 1), (40, 1), (36, 1), 
Generation 71:(14, 1), (36, 1), (24, 1), (18, 1), (26, 1), (58, 1), (17, 1), (31, 1), (8, 1), (93, 1), (98, 1), (20, 1), (63, 1), (39, 1), (11, 1), (15, 1), (57, 1), (94, 1), (25, 1), (71, 1), (56, 1), (7, 1), (53, 1), (66, 1), (13, 1), (43, 1), (75, 1), (47, 1), (19, 1), (96, 1), (6, 1), (12, 1), (46, 1), (97, 1), (77, 1), (91, 1), (67, 1), (1, 1), (73, 1), (90, 1), 
Generation 72:(62, 1), (26, 1), (28, 1), (93, 1), (99, 1), (27, 1), (11, 1), (12, 1), (45, 1), (44, 1), (8, 1), (0, 1), (78, 1), (22, 1), (23, 1), (74, 1), (9, 1), (24, 1), (73, 1), (33, 1), (5, 1), (80, 1), (16, 1), (17, 1), (92, 1), (58, 1), (29, 1), (30, 1), (98, 1), (43, 1), (96, 1), (85, 1), (67, 1), (34, 1), (76, 1), (36, 1), (35, 1), (94, 1), (38, 1), (46, 1), 
Generation 73:(71, 1), (56, 1), (18, 1), (36, 1), (66, 1), (99, 1), (53, 1), (97, 1), (32, 1), (96, 1), (3, 1), (58, 1), (4, 1), (61, 1), (84, 1), (46, 1), (34, 1), (95, 1), (60, 1), (16, 1), (74, 1), (54, 1), (25, 1), (42, 1), (85, 1), (27, 1), (64, 1), (6, 1), (87, 1), (50, 1), (29, 1), (49, 1), (45, 1), (1, 1), (91, 1), (7, 1), (47, 1), (57, 1), (39, 1), (78, 1), 
Generation 74:(65, 1), (40, 1), (73, 1), (70, 1), (67, 1), (30, 1), (18, 1), (94, 1), (84, 1), (27, 1), (49, 1), (11, 1), (37, 1), (71, 1), (36, 1), (60, 1), (66, 1), (26, 1), (89, 1), (59, 1), (46, 1), (19, 1), (50, 1), (75, 1), (97, 1), (90, 1), (7, 1), (68, 1), (69, 1), (48, 1), (47, 1), (10, 1), (39, 1), (17, 1), (43, 1), (38, 1), (83, 1), (76, 1), (41, 1), (98, 1), 
Generation 75:(68, 1), (57, 1), (91, 1), (66, 1), (13, 1), (5, 1), (71, 1), (6, 1), (45, 1), (27, 1), (56, 1), (21, 1), (18, 1), (22, 1), (47, 1), (54, 1), (23, 1), (44, 1), (30, 1), (35, 1), (83, 1), (25, 1), (62, 1), (1, 1), (55, 1), (73, 1), (63, 1), (3, 1), (49, 1), (88, 1), (7, 1), (8, 1), (65, 1), (17, 1), (16, 1), (94, 1), (53, 1), (28, 1), (36, 1), (11, 1), 
Generation 76:(41, 1), (42, 1), (72, 1), (20, 1), (33, 1), (18, 1), (43, 1), (84, 1), (49, 1), (77, 1), (70, 1), (15, 1), (35, 1), (67, 1), (74, 1), (48, 1), (59, 1), (51, 1), (53, 1), (19, 1), (57, 1), (32, 1), (85, 1), (89, 1), (17, 1), (13, 1), (96, 1), (62, 1), (25, 1), (6, 1), (23, 1), (21, 1), (5, 1), (31, 1), (92, 1), (52, 1), (90, 1), (69, 1), (16, 1), (47, 1), 
Generation 77:(69, 1), (54, 1), (94, 1), (44, 1), (1, 1), (37, 1), (61, 1), (76, 1), (89, 1), (2, 1), (22, 1), (77, 1), (98, 1), (66, 1), (33, 1), (57, 1), (40, 1), (85, 1), (95, 1), (84, 1), (83, 1), (46, 1), (14, 1), (31, 1), (29, 1), (79, 1), (58, 1), (74, 1), (81, 1), (91, 1), (60, 1), (56, 1), (19, 1), (52, 1), (72, 1), (88, 1), (64, 1), (36, 1), (87, 1), (18, 1), 
Generation 78:(4, 1), (54, 1), (75, 1), (62, 1), (86, 1), (55, 1), (81, 1), (26, 1), (53, 1), (8, 1), (19, 1), (68, 1), (84, 1), (7, 1), (44, 1), (21, 1), (9, 1), (82, 1), (31, 1), (39, 1), (96, 1), (37, 1), (58, 1), (27, 1), (91, 1), (50, 1), (78, 1), (2, 1), (45, 1), (61, 1), (34, 1), (94, 1), (48, 1), (60, 1), (12, 1), (70, 1), (80, 1), (87, 1), (15, 1), (97, 1), 
Generation 79:(3, 1), (7, 1), (6, 1), (13, 1), (16, 1), (64, 1), (96, 1), (57, 1), (72, 1), (41, 1), (94, 1), (20, 1), (90, 1), (78, 1), (27, 1), (10, 1), (85, 1), (45, 1), (99, 1), (17, 1), (42, 1), (47, 1), (88, 1), (59, 1), (54, 1), (19, 1), (55, 1), (95, 1), (66, 1), (93, 1), (87, 1), (14, 1), (39, 1), (69, 1), (70, 1), (31, 1), (40, 1), (82, 1), (24, 1), (34, 1), 
Generation 80:(54, 1), (94, 1), (83, 1), (89, 1), (34, 1), (65, 1), (95, 1), (27, 1), (31, 1), (56, 1), (39, 1), (69, 1), (8, 1), (75, 1), (15, 1), (3, 1), (51, 1), (85, 1), (45, 1), (2, 1), (91, 1), (0, 1), (84, 1), (48, 1), (87, 1), (52, 1), (11, 1), (67, 1), (76, 1), (9, 1), (19, 1), (46, 1), (90, 1), (82, 1), (24, 1), (72, 1), (42, 1), (60, 1), (12, 1), (78, 1), 
Generation 81:(0, 1), (88, 1), (92, 1), (54, 1), (46, 1), (99, 1), (83, 1), (7, 1), (25, 1), (93, 1), (66, 1), (5, 1), (53, 1), (85, 1), (21, 1), (68, 1), (65, 1), (35, 1), (43, 1), (8, 1), (38, 1), (63, 1), (77, 1), (78, 1), (57, 1), (71, 1), (59, 1), (97, 1), (29, 1), (76, 1), (79, 1), (34, 1), (10, 1), (16, 1), (70, 1), (48, 1), (9, 1), (2, 1), (62, 1), (61, 1), 
Generation 82:(21, 1), (43, 1), (30, 1), (62, 1), (36, 1), (44, 1), (12, 1), (7, 1), (24, 1), (33, 1), (59, 1), (49, 1), (63, 1), (2, 1), (39, 1), (19, 1), (98, 1), (46, 1), (73, 1), (87, 1), (61, 1), (86, 1), (60, 1), (88, 1), (92, 1), (94, 1), (51, 1), (89, 1), (48, 1), (45, 1), (35, 1), (20, 1), (95, 1), (47, 1), (93, 1), (27, 1), (42, 1), (10, 1), (13, 1), (97, 1), 
Generation 83:(81, 1), (87, 1), (80, 1), (56, 1), (28, 1), (59, 1), (50, 1), (16, 1), (84, 1), (89, 1), (15, 1), (49, 1), (46, 1), (44, 1), (24, 1), (69, 1), (65, 1), (17, 1), (11, 1), (35, 1), (34, 1), (77, 1), (1, 1), (21, 1), (0, 1), (20, 1), (62, 1), (54, 1), (51, 1), (88, 1), (67, 1), (57, 1), (10, 1), (6, 1), (12, 1), (5, 1), (25, 1), (8, 1), (19, 1), (43, 1), 
Generation 84:(54, 1), (59, 1), (65, 1), (60, 1), (21, 1), (70, 1), (52, 1), (9, 1), (35, 1), (39, 1), (32, 1), (77, 1), (31, 1), (0, 1), (76, 1), (8, 1), (23, 1), (40, 1), (26, 1), (58, 1), (44, 1), (13, 1), (56, 1), (2, 1), (61, 1), (29, 1), (62, 1), (86, 1), (95, 1), (97, 1), (94, 1), (27, 1), (67, 1), (7, 1), (14, 1), (50, 1), (17, 1), (30, 1), (3, 1), (57, 1), 
Generation 85:(97, 1), (51, 1), (23, 1), (29, 1), (43, 1), (89, 1), (25, 1), (31, 1), (42, 1), (53, 1), (92, 1), (0, 1), (72, 1), (64, 1), (15, 1), (95, 1), (67, 1), (65, 1), (88, 1), (60, 1), (99, 1), (81, 1), (11, 1), (94, 1), (74, 1), (36, 1), (44, 1), (22, 1), (4, 1), (2, 1), (49, 1), (37, 1), (26, 1), (9, 1), (98, 1), (41, 1), (80, 1), (66, 1), (20, 1), (19, 1), 
Generation 86:(99, 1), (80, 1), (59, 1), (97, 1), (13, 1), (77, 1), (87, 1), (49, 1), (72, 1), (66, 1), (62, 1), (51, 1), (44, 1), (25, 1), (16, 1), (12, 1), (45, 1), (19, 1), (8, 1), (81, 1), (94, 1), (61, 1), (52, 1), (75, 1), (6, 1), (33, 1), (26, 1), (70, 1), (76, 1), (79, 1), (68, 1), (46, 1), (60, 1), (4, 1), (69, 1), (65, 1), (36, 1), (9, 1), (38, 1), (42, 1), 
Generation 87:(83, 1), (99, 1), (9, 1), (56, 1), (79, 1), (38, 1), (16, 1), (50, 1), (43, 1), (10, 1), (61, 1), (41, 1), (84, 1), (69, 1), (82, 1), (0, 1), (48, 1), (36, 1), (65, 1), (93, 1), (13, 1), (23, 1), (51, 1), (39, 1), (76, 1), (2, 1), (96, 1), (11, 1), (89, 1), (4, 1), (59, 1), (52, 1), (53, 1), (67, 1), (34, 1), (81, 1), (55, 1), (87, 1), (80, 1), (70, 1), 
Generation 88:(49, 1), (34, 1), (67, 1), (91, 1), (79, 1), (40, 1), (58, 1), (52, 1), (46, 1), (59, 1), (22, 1), (41, 1), (39, 1), (62, 1), (25, 1), (48, 1), (36, 1), (50, 1), (57, 1), (63, 1), (31, 1), (24, 1), (33, 1), (73, 1), (4, 1), (92, 1), (87, 1), (8, 1), (45, 1), (78, 1), (12, 1), (74, 1), (38, 1), (19, 1), (18, 1), (70, 1), (37, 1), (84, 1), (98, 1), (80, 1), 
Generation 89:(93, 1), (58, 1), (4, 1), (21, 1), (74, 1), (52, 1), (54, 1), (27, 1), (34, 1), (49, 1), (95, 1), (67, 1), (91, 1), (44, 1), (13, 1), (46, 1), (81, 1), (86, 1), (14, 1), (42, 1), (88, 1), (11, 1), (1, 1), (15, 1), (77, 1), (71, 1), (90, 1), (92, 1), (69, 1), (12, 1), (65, 1), (62, 1), (75, 1), (39, 1), (6, 1), (20, 1), (29, 1), (79, 1), (56, 1), (3, 1), 
Generation 90:(49, 1), (3, 1), (99, 1), (27, 1), (10, 1), (58, 1), (62, 1), (72, 1), (78, 1), (33, 1), (19, 1), (70, 1), (61, 1), (6, 1), (46, 1), (54, 1), (85, 1), (48, 1), (7, 1), (32, 1), (43, 1), (16, 1), (28, 1), (41, 1), (80, 1), (24, 1), (79, 1), (22, 1), (42, 1), (95, 1), (65, 1), (18, 1), (52, 1), (53, 1), (30, 1), (17, 1), (37, 1), (92, 1), (66, 1), (13, 1), 
Generation 91:(54, 1), (95, 1), (87, 1), (67, 1), (33, 1), (70, 1), (57, 1), (21, 1), (35, 1), (81, 1), (66, 1), (60, 1), (89, 1), (44, 1), (4, 1), (12, 1), (43, 1), (1, 1), (40, 1), (49, 1), (20, 1), (82, 1), (97, 1), (76, 1), (69, 1), (3, 1), (6, 1), (9, 1), (45, 1), (74, 1), (83, 1), (17, 1), (90, 1), (32, 1), (47, 1), (99, 1), (24, 1), (42, 1), (61, 1), (34, 1), 
Generation 92:(16, 1), (56, 1), (67, 1), (68, 1), (97, 1), (14, 1), (75, 1), (92, 1), (73, 1), (20, 1), (99, 1), (27, 1), (60, 1), (93, 1), (84, 1), (71, 1), (47, 1), (72, 1), (3, 1), (53, 1), (83, 1), (65, 1), (64, 1), (38, 1), (90, 1), (69, 1), (7, 1), (24, 1), (1, 1), (80, 1), (31, 1), (88, 1), (50, 1), (45, 1), (5, 1), (43, 1), (74, 1), (11, 1), (70, 1), (49, 1), 
Generation 93:(13, 1), (78, 1), (81, 1), (58, 1), (34, 1), (30, 1), (27, 1), (33, 1), (18, 1), (15, 1), (47, 1), (41, 1), (96, 1), (51, 1), (90, 1), (86, 1), (26, 1), (72, 1), (94, 1), (57, 1), (82, 1), (36, 1), (62, 1), (64, 1), (80, 1), (52, 1), (24, 1), (6, 1), (17, 1), (20, 1), (11, 1), (32, 1), (68, 1), (40, 1), (37, 1), (61, 1), (85, 1), (1, 1), (77, 1), (63, 1), 
Generation 94:(91, 1), (22, 1), (99, 1), (64, 1), (47, 1), (39, 1), (83, 1), (40, 1), (50, 1), (31, 1), (62, 1), (24, 1), (90, 1), (0, 1), (92, 1), (4, 1), (53, 1), (13, 1), (72, 1), (66, 1), (87, 1), (70, 1), (41, 1), (2, 1), (73, 1), (34, 1), (27, 1), (63, 1), (71, 1), (88, 1), (82, 1), (58, 1), (45, 1), (49, 1), (36, 1), (43, 1), (44, 1), (21, 1), (3, 1), (37, 1), 
Generation 95:(18, 1), (53, 1), (35, 1), (54, 1), (79, 1), (21, 1), (17, 1), (97, 1), (51, 1), (84, 1), (66, 1), (61, 1), (38, 1), (50, 1), (36, 1), (22, 1), (95, 1), (30, 1), (72, 1), (4, 1), (44, 1), (82, 1), (74, 1), (9, 1), (42, 1), (3, 1), (96, 1), (33, 1), (89, 1), (63, 1), (48, 1), (87, 1), (0, 1), (64, 1), (14, 1), (69, 1), (65, 1), (80, 1), (98, 1), (49, 1), 
Generation 96:(56, 1), (9, 1), (5, 1), (95, 1), (14, 1), (42, 1), (77, 1), (92, 1), (75, 1), (12, 1), (20, 1), (51, 1), (4, 1), (82, 1), (29, 1), (83, 1), (96, 1), (57, 1), (13, 1), (30, 1), (27, 1), (78, 1), (50, 1), (98, 1), (54, 1), (31, 1), (65, 1), (25, 1), (76, 1), (24, 1), (23, 1), (45, 1), (88, 1), (71, 1), (59, 1), (19, 1), (85, 1), (55, 1), (67, 1), (64, 1), 
Generation 97:(8, 1), (48, 1), (61, 1), (21, 1), (5, 1), (15, 1), (95, 1), (49, 1), (55, 1), (91, 1), (12, 1), (64, 1), (43, 1), (11, 1), (81, 1), (66, 1), (92, 1), (62, 1), (82, 1), (41, 1), (58, 1), (94, 1), (38, 1), (3, 1), (27, 1), (86, 1), (19, 1), (93, 1), (4, 1), (96, 1), (23, 1), (56, 1), (88, 1), (24, 1), (83, 1), (67, 1), (17, 1), (30, 1), (57, 1), (0, 1), 
Generation 98:(6, 1), (37, 1), (76, 1), (50, 1), (95, 1), (43, 1), (98, 1), (99, 1), (56, 1), (13, 1), (17, 1), (30, 1), (68, 1), (4, 1), (33, 1), (69, 1), (90, 1), (87, 1), (31, 1), (39, 1), (47, 1), (46, 1), (81, 1), (93, 1), (73, 1), (29, 1), (80, 1), (55, 1), (62, 1), (26, 1), (14, 1), (5, 1), (35, 1), (49, 1), (44, 1), (58, 1), (78, 1), (10, 1), (51, 1), (79, 1), 
Generation 99:(48, 1), (81, 1), (67, 1), (35, 1), (69, 1), (18, 1), (49, 1), (31, 1), (15, 1), (50, 1), (36, 1), (61, 1), (57, 1), (22, 1), (34, 1), (14, 1), (66, 1), (85, 1), (77, 1), (0, 1), (45, 1), (4, 1), (39, 1), (93, 1), (46, 1), (33, 1), (30, 1), (95, 1), (1, 1), (96, 1), (7, 1), (97, 1), (82, 1), (76, 1), (3, 1), (16, 1), (90, 1), (52, 1), (64, 1), (63, 1), 
Generation 100:(13, 1), (25, 1), (98, 1), (68, 1), (60, 1), (62, 1), (92, 1), (69, 1), (51, 1), (22, 1), (79, 1), (91, 1), (59, 1), (95, 1), (63, 1), (54, 1), (24, 1), (40, 1), (16, 1), (89, 1), (83, 1), (27, 1), (73, 1), (19, 1), (38, 1), (76, 1), (99, 1), (47, 1), (30, 1), (23, 1), (17, 1), (67, 1), (43, 1), (6, 1), (8, 1), (34, 1), (12, 1), (21, 1), (26, 1), (74, 1), 
Generation 101: