Generation 0:
Generation 1:(57, 2), (23, 1), (98, 2), (53, 2), (83, 2), (34, 1), (27, 1), (2, 1), (31, 1), (97, 2), (68, 2), (85, 2), (9, 1), (67, 2), (95, 2), (37, 1), (5, 1), (28, 1), (0, 1), (91, 2), (69, 2), (22, 1), (66, 2), (43, 1), (74, 2), (62, 2), (21, 1), (29, 1), (55, 2), (48, 1), (79, 2), (93, 2), (99, 2), (19, 1), (81, 2), (89, 2), (65, 2), (36, 1), (45, 1), (4, 1), 
Generation 2:(4, 1), (77, 2), (81, 2), (46, 1), (5, 1), (34, 1), (18, 1), (85, 2), (13, 1), (42, 1), (65, 2), (59, 2), (73, 2), (88, 2), (37, 1), (86, 2), (84, 2), (98, 2), (69, 2), (20, 1), (48, 1), (15, 1), (67, 2), (64, 2), (27, 1), (39, 1), (68, 2), (8, 1), (36, 1), (3, 1), (72, 2), (55, 2), (54, 2), (61, 2), (96, 2), (89, 2), (94, 2), (21, 1), (28, 1), (75, 2), 
Generation 3:(36, 1), (15, 1), (9, 1), (61, 2), (60, 2), (78, 2), (41, 1), (73, 2), (77, 2), (96, 2), (46, 1), (7, 1), (5, 1), (31, 1), (10, 1), (54, 2), (20, 1), (84, 2), (18, 1), (3, 1), (92, 2), (87, 2), (2, 1), (44, 1), (22, 1), (74, 2), (70, 2), (49, 1), (29, 1), (76, 2), (21, 1), (6, 1), (83, 2), (55, 2), (26, 1), (56, 2), (43, 1), (69, 2), (8, 1), (30, 1), 
Generation 4:(48, 1), (37, 1), (12, 1), (29, 1), (27, 1), (47, 1), (34, 1), (76, 2), (16, 1), (43, 1), (86, 2), (32, 1), (78, 2), (22, 1), (14, 1), (6, 1), (96, 2), (68, 2), (50, 1), (56, 2), (75, 2), (85, 2), (4, 1), (13, 1), (41, 1), (80, 2), (84, 2), (93, 2), (60, 2), (25, 1), (55, 2), (97, 2), (88, 2), (19, 1), (70, 2), (79, 2), (95, 2), (8, 1), (26, 1), (89, 2), 
Generation 5:(50, 1), (42, 1), (61, 2), (40, 1), (99, 2), (86, 2), (29, 1), (45, 1), (8, 1), (20, 1), (88, 2), (65, 2), (16, 1), (39, 1), (11, 1), (70, 2), (56, 2), (60, 2), (83, 2), (81, 2), (0, 1), (30, 1), (18, 1), (17, 1), (38, 1), (36, 1), (15, 1), (67, 2), (75, 2), (94, 2), (90, 2), (26, 1), (34, 1), (33, 1), (4, 1), (44, 1), (3, 1), (82, 2), (96, 2), (24, 1), 
Generation 6:(98, 2), (58, 2), (95, 2), (16, 1), (42, 1), (79, 2), (4, 1), (86, 2), (18, 1), (13, 1), (33, 1), (51, 1), (84, 2), (83, 2), (44, 1), (28, 1), (93, 2), (30, 1), (50, 1), (63, 2), (70, 2), (85, 2), (2, 1), (66, 2), (65, 2), (11, 1), (36, 1), (34, 1), (6, 1), (64, 2), (23, 1), (76, 2), (9, 1), (49, 1), (46, 1), (56, 2), (22, 1), (0, 1), (72, 2), (75, 2), 
Generation 7:(31, 1), (29, 1), (68, 2), (47, 1), (27, 1), (63, 2), (26, 1), (95, 2), (13, 1), (37, 1), (79, 2), (81, 2), (71, 2), (88, 2), (96, 2), (51, 1), (28, 1), (56, 2), (41, 1), (57, 2), (38, 1), (58, 2), (3, 1), (90, 2), (1, 1), (11, 1), (77, 2), (87, 2), (36, 1), (23, 1), (0, 1), (2, 1), (22, 1), (78, 2), (33, 1), (67, 2), (91, 2), (25, 1), (66, 2), (69, 2), 
Generation 8:(47, 1), (66, 2), (37, 1), (94, 2), (60, 2), (41, 1), (82, 2), (9, 1), (64, 2), (84, 2), (29, 1), (5, 1), (39, 1), (13, 1), (32, 1), (14, 1), (48, 1), (83, 2), (8, 1), (57, 2), (27, 1), (20, 1), (99, 2), (6, 1), (75, 2), (33, 1), (21, 1), (22, 1), (38, 1), (17, 1), (3, 1), (4, 1), (62, 2), (63, 2), (78, 2), (51, 1), (90, 2), (71, 2), (18, 1), (65, 2), 
Generation 9:(23, 1), (21, 1), (52, 1), (13, 1), (99, 2), (92, 2), (26, 1), (32, 1), (80, 2), (33, 1), (16, 1), (70, 2), (4, 1), (9, 1), (72, 2), (17, 1), (5, 1), (10, 1), (14, 1), (73, 2), (93, 2), (0, 1), (20, 1), (34, 1), (87, 2), (94, 2), (85, 2), (62, 2), (97, 2), (65, 2), (84, 2), (90, 2), (68, 2), (86, 2), (25, 1), (82, 2), (67, 2), (56, 2), (47, 1), (64, 2), 
Generation 10:(2, 1), (43, 1), (4, 1), (96, 2), (93, 2), (23, 1), (75, 2), (50, 1), (74, 2), (37, 1), (56, 2), (80, 2), (8, 1), (67, 2), (19, 1), (48, 1), (11, 1), (70, 2), (0, 1), (52, 1), (39, 1), (6, 1), (15, 1), (92, 2), (28, 1), (7, 1), (13, 1), (95, 2), (90, 2), (82, 2), (86, 2), (40, 1), (36, 1), (18, 1), (27, 1), (84, 2), (51, 1), (35, 1), (42, 1), (71, 2), 
Generation 11:(38, 1), (75, 2), (45, 1), (74, 2), (62, 2), (66, 2), (68, 2), (28, 1), (49, 1), (93, 2), (59, 2), (80, 2), (31, 1), (70, 2), (50, 1), (96, 2), (34, 1), (17, 1), (32, 1), (90, 2), (21, 1), (15, 1), (82, 2), (19, 1), (8, 1), (92, 2), (24, 1), (71, 2), (85, 2), (33, 1), (56, 2), (83, 2), (29, 1), (63, 2), (73, 2), (76, 2), (30, 1), (46, 1), (61, 2), (64, 2), 
Generation 12:(63, 2), (23, 1), (61, 2), (96, 2), (74, 2), (99, 2), (55, 2), (69, 2), (20, 1), (67, 2), (32, 1), (86, 2), (80, 2), (75, 2), (60, 2), (76, 2), (95, 2), (51, 1), (6, 1), (2, 1), (28, 1), (77, 2), (8, 1), (9, 1), (18, 1), (94, 2), (15, 1), (65, 2), (0, 1), (85, 2), (46, 1), (73, 2), (14, 1), (62, 2), (36, 1), (7, 1), (59, 2), (66, 2), (82, 2), (39, 1), 
Generation 13:(95, 2), (25, 1), (49, 1), (17, 1), (29, 1), (84, 2), (19, 1), (68, 2), (28, 1), (88, 2), (60, 2), (69, 2), (33, 1), (94, 2), (8, 1), (26, 1), (64, 2), (30, 1), (61, 2), (55, 2), (41, 1), (65, 2), (18, 1), (56, 2), (14, 1), (31, 1), (70, 2), (71, 2), (6, 1), (47, 1), (79, 2), (89, 2), (2, 1), (62, 2), (67, 2), (76, 2), (86, 2), (12, 1), (43, 1), (5, 1), 
Generation 14:(96, 2), (6, 1), (89, 2), (24, 1), (59, 2), (66, 2), (16, 1), (48, 1), (31, 1), (68, 2), (60, 2), (17, 1), (39, 1), (38, 1), (85, 2), (45, 1), (41, 1), (70, 2), (58, 2), (20, 1), (43, 1), (81, 2), (54, 2), (36, 1), (99, 2), (87, 2), (15, 1), (78, 2), (76, 2), (32, 1), (5, 1), (97, 2), (29, 1), (37, 1), (94, 2), (0, 1), (42, 1), (63, 2), (55, 2), (26, 1), 
Generation 15:(13, 1), (49, 1), (15, 1), (22, 1), (7, 1), (81, 2), (87, 2), (90, 2), (38, 1), (83, 2), (14, 1), (29, 1), (37, 1), (48, 1), (84, 2), (3, 1), (39, 1), (28, 1), (25, 1), (40, 1), (93, 2), (86, 2), (58, 2), (78, 2), (16, 1), (17, 1), (12, 1), (64, 2), (62, 2), (27, 1), (34, 1), (72, 2), (59, 2), (65, 2), (76, 2), (88, 2), (11, 1), (53, 2), (36, 1), (31, 1), 
Generation 16:(46, 1), (37, 1), (31, 1), (62, 2), (94, 2), (1, 1), (22, 1), (32, 1), (20, 1), (65, 2), (15, 1), (81, 2), (4, 1), (98, 2), (49, 1), (13, 1), (28, 1), (86, 2), (21, 1), (69, 2), (74, 2), (34, 1), (56, 2), (12, 1), (95, 2), (45, 1), (59, 2), (57, 2), (53, 2), (16, 1), (97, 2), (41, 1), (72, 2), (19, 1), (29, 1), (24, 1), (36, 1), (7, 1), (58, 2), (68, 2), 
Generation 17:(83, 2), (20, 1), (78, 2), (14, 1), (31, 1), (0, 1), (48, 1), (46, 1), (39, 1), (12, 1), (67, 2), (35, 1), (7, 1), (69, 2), (96, 2), (11, 1), (60, 2), (63, 2), (5, 1), (80, 2), (65, 2), (97, 2), (85, 2), (61, 2), (19, 1), (36, 1), (17, 1), (27, 1), (26, 1), (9, 1), (93, 2), (28, 1), (41, 1), (4, 1), (53, 2), (64, 2), (86, 2), (70, 2), (34, 1), (16, 1), 
Generation 18:(28, 1), (16, 1), (14, 1), (63, 2), (36, 1), (44, 1), (34, 1), (77, 2), (70, 2), (42, 1), (5, 1), (97, 2), (82, 2), (81, 2), (91, 2), (84, 2), (33, 1), (53, 2), (20, 1), (58, 2), (17, 1), (89, 2), (98, 2), (64, 2), (7, 1), (76, 2), (71, 2), (83, 2), (19, 1), (11, 1), (75, 2), (49, 1), (1, 1), (22, 1), (59, 2), (93, 2), (73, 2), (30, 1), (31, 1), (48, 1), 
Generation 19:(14, 1), (42, 1), (0, 1), (95, 2), (57, 2), (7, 1), (29, 1), (13, 1), (8, 1), (58, 2), (79, 2), (18, 1), (12, 1), (4, 1), (19, 1), (84, 2), (85, 2), (11, 1), (63, 2), (67, 2), (44, 1), (21, 1), (34, 1), (46, 1), (32, 1), (62, 2), (40, 1), (20, 1), (1, 1), (73, 2), (70, 2), (26, 1), (53, 2), (90, 2), (45, 1), (6, 1), (82, 2), (17, 1), (49, 1), (59, 2), 
Generation 20:(17, 1), (12, 1), (27, 1), (19, 1), (39, 1), (49, 1), (44, 1), (57, 2), (60, 2), (71, 2), (88, 2), (85, 2), (53, 2), (32, 1), (75, 2), (67, 2), (62, 2), (92, 2), (48, 1), (1, 1), (13, 1), (54, 2), (99, 2), (6, 1), (31, 1), (7, 1), (95, 2), (36, 1), (55, 2), (30, 1), (90, 2), (70, 2), (59, 2), (4, 1), (80, 2), (8, 1), (74, 2), (83, 2), (97, 2), (94, 2), 
Generation 21:(79, 2), (88, 2), (98, 2), (62, 2), (90, 2), (18, 1), (84, 2), (75, 2), (12, 1), (30, 1), (19, 1), (60, 2), (56, 2), (93, 2), (64, 2), (89, 2), (95, 2), (6, 1), (61, 2), (71, 2), (17, 1), (41, 1), (25, 1), (59, 2), (22, 1), (53, 2), (63, 2), (16, 1), (92, 2), (76, 2), (10, 1), (39, 1), (23, 1), (9, 1), (72, 2), (74, 2), (55, 2), (49, 1), (73, 2), (67, 2), 
Generation 22:(28, 1), (0, 1), (19, 1), (3, 1), (74, 2), (60, 2), (32, 1), (81, 2), (34, 1), (40, 1), (11, 1), (12, 1), (1, 1), (89, 2), (21, 1), (33, 1), (39, 1), (29, 1), (48, 1), (35, 1), (10, 1), (2, 1), (31, 1), (43, 1), (67, 2), (71, 2), (53, 2), (54, 2), (91, 2), (17, 1), (83, 2), (87, 2), (15, 1), (6, 1), (93, 2), (85, 2), (25, 1), (13, 1), (79, 2), (75, 2), 
Generation 23:(80, 2), (98, 2), (57, 2), (28, 1), (43, 1), (69, 2), (71, 2), (5, 1), (95, 2), (41, 1), (85, 2), (96, 2), (90, 2), (37, 1), (97, 2), (84, 2), (75, 2), (35, 1), (34, 1), (91, 2), (27, 1), (73, 2), (92, 2), (19, 1), (10, 1), (47, 1), (25, 1), (15, 1), (74, 2), (61, 2), (67, 2), (6, 1), (30, 1), (72, 2), (18, 1), (79, 2), (14, 1), (0, 1), (94, 2), (1, 1), 
Generation 24:(77, 2), (3, 1), (12, 1), (75, 2), (55, 2), (11, 1), (71, 2), (26, 1), (42, 1), (43, 1), (31, 1), (84, 2), (13, 1), (87, 2), (29, 1), (62, 2), (58, 2), (88, 2), (7, 1), (24, 1), (72, 2), (73, 2), (92, 2), (98, 2), (78, 2), (90, 2), (36, 1), (82, 2), (85, 2), (33, 1), (38, 1), (27, 1), (45, 1), (59, 2), (15, 1), (57, 2), (5, 1), (80, 2), (66, 2), (30, 1), 
Generation 25:(18, 1), (29, 1), (17, 1), (62, 2), (80, 2), (45, 1), (3, 1), (43, 1), (97, 2), (9, 1), (0, 1), (60, 2), (89, 2), (12, 1), (47, 1), (8, 1), (92, 2), (85, 2), (98, 2), (86, 2), (37, 1), (58, 2), (91, 2), (16, 1), (74, 2), (40, 1), (78, 2), (34, 1), (44, 1), (33, 1), (27, 1), (14, 1), (61, 2), (66, 2), (26, 1), (46, 1), (99, 2), (77, 2), (10, 1), (35, 1), 
Generation 26:(27, 1), (58, 2), (37, 1), (5, 1), (79, 2), (8, 1), (34, 1), (7, 1), (89, 2), (49, 1), (16, 1), (18, 1), (71, 2), (98, 2), (45, 1), (24, 1), (64, 2), (81, 2), (19, 1), (92, 2), (1, 1), (96, 2), (69, 2), (74, 2), (31, 1), (68, 2), (4, 1), (29, 1), (97, 2), (2, 1), (75, 2), (3, 1), (72, 2), (35, 1), (93, 2), (47, 1), (90, 2), (25, 1), (46, 1), (10, 1), 
Generation 27:(66, 2), (70, 2), (1, 1), (9, 1), (50, 1), (71, 2), (48, 1), (75, 2), (2, 1), (74, 2), (24, 1), (98, 2), (33, 1), (87, 2), (8, 1), (38, 1), (37, 1), (47, 1), (59, 2), (3, 1), (34, 1), (22, 1), (39, 1), (23, 1), (95, 2), (6, 1), (86, 2), (82, 2), (49, 1), (92, 2), (61, 2), (78, 2), (69, 2), (96, 2), (93, 2), (84, 2), (91, 2), (90, 2), (31, 1), (85, 2), 
Generation 28:(36, 1), (42, 1), (22, 1), (18, 1), (11, 1), (48, 1), (78, 2), (60, 2), (82, 2), (32, 1), (40, 1), (27, 1), (63, 2), (44, 1), (87, 2), (31, 1), (30, 1), (68, 2), (73, 2), (71, 2), (2, 1), (58, 2), (79, 2), (62, 2), (70, 2), (80, 2), (45, 1), (28, 1), (1, 1), (9, 1), (75, 2), (98, 2), (4, 1), (6, 1), (59, 2), (97, 2), (34, 1), (72, 2), (39, 1), (51, 1), 
Generation 29:(45, 1), (72, 2), (16, 1), (12, 1), (26, 1), (93, 2), (89, 2), (27, 1), (75, 2), (1, 1), (21, 1), (83, 2), (80, 2), (5, 1), (10, 1), (74, 2), (95, 2), (92, 2), (11, 1), (0, 1), (68, 2), (78, 2), (47, 1), (19, 1), (17, 1), (60, 2), (91, 2), (97, 2), (82, 2), (73, 2), (39, 1), (88, 2), (84, 2), (62, 2), (76, 2), (4, 1), (87, 2), (2, 1), (49, 1), (40, 1), 
Generation 30:(71, 2), (75, 2), (26, 1), (19, 1), (4, 1), (63, 2), (0, 1), (21, 1), (67, 2), (25, 1), (90, 2), (17, 1), (37, 1), (38, 1), (92, 2), (20, 1), (73, 2), (59, 2), (36, 1), (83, 2), (14, 1), (76, 2), (87, 2), (5, 1), (98, 2), (72, 2), (89, 2), (99, 2), (42, 1), (46, 1), (45, 1), (66, 2), (62, 2), (34, 1), (79, 2), (81, 2), (70, 2), (35, 1), (29, 1), (32, 1), 
Generation 31:(57, 2), (70, 2), (10, 1), (36, 1), (92, 2), (67, 2), (74, 2), (98, 2), (78, 2), (77, 2), (1, 1), (33, 1), (72, 2), (16, 1), (0, 1), (79, 2), (24, 1), (99, 2), (46, 1), (6, 1), (80, 2), (38, 1), (61, 2), (75, 2), (40, 1), (87, 2), (34, 1), (26, 1), (91, 2), (84, 2), (4, 1), (64, 2), (13, 1), (83, 2), (44, 1), (45, 1), (63, 2), (11, 1), (89, 2), (35, 1), 
Generation 32:(84, 2), (18, 1), (57, 2), (14, 1), (97, 2), (47, 1), (81, 2), (31, 1), (86, 2), (82, 2), (30, 1), (92, 2), (80, 2), (59, 2), (46, 1), (15, 1), (75, 2), (6, 1), (68, 2), (61, 2), (8, 1), (4, 1), (35, 1), (72, 2), (83, 2), (44, 1), (10, 1), (95, 2), (2, 1), (88, 2), (56, 2), (21, 1), (96, 2), (17, 1), (85, 2), (26, 1), (91, 2), (64, 2), (66, 2), (12, 1), 
Generation 33:(79, 2), (45, 1), (40, 1), (33, 1), (56, 2), (8, 1), (82, 2), (60, 2), (23, 1), (85, 2), (29, 1), (37, 1), (34, 1), (73, 2), (71, 2), (30, 1), (95, 2), (69, 2), (74, 2), (27, 1), (76, 2), (20, 1), (44, 1), (42, 1), (31, 1), (80, 2), (91, 2), (90, 2), (58, 2), (66, 2), (6, 1), (24, 1), (81, 2), (65, 2), (57, 2), (68, 2), (1, 1), (78, 2), (22, 1), (5, 1), 
Generation 34:(24, 1), (3, 1), (1, 1), (89, 2), (18, 1), (27, 1), (99, 2), (19, 1), (94, 2), (98, 2), (23, 1), (64, 2), (30, 1), (55, 2), (85, 2), (86, 2), (70, 2), (13, 1), (29, 1), (67, 2), (74, 2), (37, 1), (91, 2), (46, 1), (97, 2), (7, 1), (58, 2), (12, 1), (60, 2), (84, 2), (56, 2), (9, 1), (38, 1), (14, 1), (17, 1), (15, 1), (80, 2), (45, 1), (83, 2), (26, 1), 
Generation 35:(68, 2), (23, 1), (66, 2), (28, 1), (97, 2), (98, 2), (48, 1), (40, 1), (87, 2), (63, 2), (71, 2), (24, 1), (79, 2), (26, 1), (62, 2), (39, 1), (1, 1), (59, 2), (36, 1), (90, 2), (81, 2), (38, 1), (89, 2), (55, 2), (88, 2), (74, 2), (78, 2), (12, 1), (77, 2), (54, 2), (91, 2), (64, 2), (16, 1), (75, 2), (35, 1), (41, 1), (95, 2), (21, 1), (45, 1), (93, 2), 
Generation 36:(4, 1), (61, 2), (20, 1), (46, 1), (33, 1), (91, 2), (41, 1), (95, 2), (77, 2), (84, 2), (38, 1), (28, 1), (86, 2), (58, 2), (96, 2), (79, 2), (8, 1), (36, 1), (80, 2), (73, 2), (76, 2), (44, 1), (49, 1), (24, 1), (53, 2), (9, 1), (48, 1), (78, 2), (81, 2), (5, 1), (35, 1), (92, 2), (71, 2), (7, 1), (3, 1), (75, 2), (11, 1), (17, 1), (21, 1), (2, 1), 
Generation 37:(78, 2), (36, 1), (74, 2), (55, 2), (82, 2), (38, 1), (66, 2), (15, 1), (72, 2), (7, 1), (42, 1), (81, 2), (30, 1), (86, 2), (20, 1), (91, 2), (14, 1), (16, 1), (0, 1), (35, 1), (37, 1), (77, 2), (45, 1), (9, 1), (53, 2), (89, 2), (61, 2), (25, 1), (60, 2), (26, 1), (75, 2), (33, 1), (95, 2), (96, 2), (93, 2), (79, 2), (83, 2), (23, 1), (29, 1), (69, 2), 
Generation 38:(81, 2), (74, 2), (61, 2), (75, 2), (94, 2), (44, 1), (3, 1), (42, 1), (26, 1), (96, 2), (36, 1), (57, 2), (13, 1), (1, 1), (33, 1), (86, 2), (85, 2), (9, 1), (19, 1), (10, 1), (67, 2), (68, 2), (52, 2), (98, 2), (16, 1), (83, 2), (99, 2), (34, 1), (55, 2), (72, 2), (22, 1), (21, 1), (25, 1), (58, 2), (73, 2), (56, 2), (80, 2), (14, 1), (97, 2), (70, 2), 
Generation 39:(71, 2), (85, 2), (16, 1), (70, 2), (44, 1), (88, 2), (34, 1), (5, 1), (54, 2), (31, 1), (96, 2), (30, 1), (77, 2), (98, 2), (4, 1), (18, 1), (1, 1), (45, 1), (36, 1), (26, 1), (9, 1), (0, 1), (92, 2), (41, 1), (7, 1), (2, 1), (90, 2), (39, 1), (62, 2), (55, 2), (97, 2), (74, 2), (57, 2), (59, 2), (33, 1), (8, 1), (52, 2), (10, 1), (75, 2), (68, 2), 
Generation 40:(9, 1), (20, 1), (42, 1), (95, 2), (79, 2), (5, 1), (8, 1), (22, 1), (4, 1), (90, 2), (11, 1), (46, 1), (85, 2), (58, 2), (62, 2), (16, 1), (93, 2), (71, 2), (65, 2), (83, 2), (35, 1), (94, 2), (33, 1), (13, 1), (34, 1), (64, 2), (56, 2), (89, 2), (44, 1), (81, 2), (43, 1), (55, 2), (57, 2), (96, 2), (97, 2), (12, 1), (17, 1), (87, 2), (88, 2), (69, 2), 
Generation 41:(20, 1), (90, 2), (1, 1), (65, 2), (5, 1), (6, 1), (28, 1), (33, 1), (78, 2), (30, 1), (13, 1), (18, 1), (58, 2), (74, 2), (44, 1), (95, 2), (9, 1), (27, 1), (34, 1), (79, 2), (31, 1), (10, 1), (17, 1), (42, 1), (14, 1), (32, 1), (24, 1), (72, 2), (40, 1), (48, 1), (8, 1), (68, 2), (63, 2), (82, 2), (71, 2), (70, 2), (43, 1), (4, 1), (37, 1), (64, 2), 
Generation 42:(85, 2), (27, 1), (94, 2), (9, 1), (84, 2), (68, 2), (15, 1), (19, 1), (7, 1), (14, 1), (74, 2), (56, 2), (78, 2), (97, 2), (57, 2), (34, 1), (12, 1), (26, 1), (96, 2), (75, 2), (41, 1), (93, 2), (71, 2), (83, 2), (98, 2), (81, 2), (36, 1), (40, 1), (6, 1), (77, 2), (23, 1), (30, 1), (0, 1), (59, 2), (33, 1), (37, 1), (49, 1), (82, 2), (76, 2), (48, 1), 
Generation 43:(34, 1), (94, 2), (41, 1), (22, 1), (55, 2), (8, 1), (88, 2), (48, 1), (78, 2), (87, 2), (29, 1), (24, 1), (15, 1), (72, 2), (91, 2), (69, 2), (97, 2), (99, 2), (14, 1), (83, 2), (18, 1), (4, 1), (57, 2), (10, 1), (47, 1), (80, 2), (26, 1), (95, 2), (9, 1), (6, 1), (31, 1), (33, 1), (82, 2), (81, 2), (0, 1), (51, 1), (28, 1), (63, 2), (65, 2), (50, 1), 
Generation 44:(69, 2), (0, 1), (67, 2), (20, 1), (68, 2), (22, 1), (11, 1), (86, 2), (92, 2), (90, 2), (50, 1), (33, 1), (73, 2), (57, 2), (62, 2), (40, 1), (47, 1), (56, 2), (55, 2), (36, 1), (66, 2), (93, 2), (79, 2), (9, 1), (82, 2), (42, 1), (25, 1), (72, 2), (44, 1), (43, 1), (46, 1), (74, 2), (81, 2), (89, 2), (30, 1), (85, 2), (12, 1), (8, 1), (95, 2), (88, 2), 
Generation 45:(63, 2), (3, 1), (23, 1), (85, 2), (70, 2), (98, 2), (32, 1), (89, 2), (73, 2), (14, 1), (0, 1), (81, 2), (13, 1), (64, 2), (11, 1), (39, 1), (87, 2), (22, 1), (86, 2), (41, 1), (44, 1), (18, 1), (27, 1), (76, 2), (79, 2), (90, 2), (2, 1), (19, 1), (95, 2), (50, 1), (55, 2), (20, 1), (42, 1), (40, 1), (94, 2), (26, 1), (80, 2), (62, 2), (8, 1), (99, 2), 
Generation 46:(94, 2), (7, 1), (28, 1), (59, 2), (21, 1), (89, 2), (61, 2), (3, 1), (18, 1), (46, 1), (35, 1), (12, 1), (47, 1), (36, 1), (41, 1), (63, 2), (66, 2), (78, 2), (91, 2), (79, 2), (30, 1), (85, 2), (43, 1), (99, 2), (74, 2), (77, 2), (70, 2), (87, 2), (60, 2), (75, 2), (80, 2), (20, 1), (34, 1), (83, 2), (32, 1), (27, 1), (2, 1), (67, 2), (84, 2), (50, 1), 
Generation 47:(50, 1), (17, 1), (77, 2), (6, 1), (0, 1), (64, 2), (47, 1), (26, 1), (95, 2), (88, 2), (5, 1), (59, 2), (96, 2), (25, 1), (1, 1), (85, 2), (20, 1), (13, 1), (21, 1), (44, 1), (19, 1), (58, 2), (30, 1), (10, 1), (23, 1), (93, 2), (49, 1), (72, 2), (33, 1), (92, 2), (40, 1), (2, 1), (29, 1), (39, 1), (36, 1), (80, 2), (43, 1), (66, 2), (45, 1), (52, 1), 
Generation 48:(16, 1), (66, 2), (17, 1), (26, 1), (92, 2), (39, 1), (18, 1), (46, 1), (64, 2), (80, 2), (38, 1), (71, 2), (31, 1), (89, 2), (8, 1), (70, 2), (65, 2), (74, 2), (94, 2), (20, 1), (91, 2), (15, 1), (81, 2), (77, 2), (3, 1), (32, 1), (75, 2), (58, 2), (88, 2), (79, 2), (86, 2), (47, 1), (33, 1), (23, 1), (51, 1), (25, 1), (41, 1), (57, 2), (60, 2), (76, 2), 
Generation 49:(63, 2), (91, 2), (66, 2), (70, 2), (5, 1), (86, 2), (89, 2), (22, 1), (11, 1), (27, 1), (96, 2), (49, 1), (80, 2), (24, 1), (75, 2), (76, 2), (92, 2), (6, 1), (98, 2), (42, 1), (10, 1), (79, 2), (60, 2), (58, 2), (3, 1), (36, 1), (72, 2), (90, 2), (40, 1), (83, 2), (16, 1), (99, 2), (93, 2), (21, 1), (12, 1), (18, 1), (85, 2), (20, 1), (94, 2), (64, 2), 
Generation 50:(59, 2), (2, 1), (32, 1), (92, 2), (80, 2), (67, 2), (96, 2), (12, 1), (66, 2), (3, 1), (26, 1), (94, 2), (97, 2), (61, 2), (88, 2), (33, 1), (77, 2), (79, 2), (41, 1), (34, 1), (11, 1), (36, 1), (78, 2), (30, 1), (82, 2), (83, 2), (48, 1), (1, 1), (99, 2), (87, 2), (70, 2), (24, 1), (29, 1), (42, 1), (85, 2), (50, 1), (51, 1), (39, 1), (98, 2), (16, 1), 
Generation 51:(51, 1), (24, 1), (74, 2), (1, 1), (12, 1), (10, 1), (20, 1), (15, 1), (29, 1), (30, 1), (5, 1), (81, 2), (36, 1), (31, 1), (60, 2), (73, 2), (23, 1), (76, 2), (35, 1), (44, 1), (14, 1), (78, 2), (65, 2), (63, 2), (66, 2), (83, 2), (43, 1), (93, 2), (11, 1), (34, 1), (68, 2), (88, 2), (80, 2), (21, 1), (98, 2), (16, 1), (13, 1), (89, 2), (33, 1), (59, 2), 
Generation 52:(25, 1), (70, 2), (26, 1), (24, 1), (33, 1), (52, 1), (12, 1), (79, 2), (92, 2), (62, 2), (89, 2), (31, 1), (18, 1), (96, 2), (0, 1), (41, 1), (75, 2), (51, 1), (20, 1), (9, 1), (85, 2), (43, 1), (21, 1), (37, 1), (10, 1), (91, 2), (13, 1), (73, 2), (46, 1), (58, 2), (40, 1), (72, 2), (5, 1), (28, 1), (95, 2), (81, 2), (77, 2), (82, 2), (78, 2), (39, 1), 
Generation 53:(3, 1), (81, 2), (85, 2), (90, 2), (69, 2), (48, 1), (19, 1), (47, 1), (60, 2), (39, 1), (86, 2), (12, 1), (72, 2), (40, 1), (6, 1), (36, 1), (32, 1), (62, 2), (76, 2), (4, 1), (65, 2), (95, 2), (29, 1), (61, 2), (93, 2), (7, 1), (57, 2), (52, 1), (70, 2), (97, 2), (63, 2), (94, 2), (24, 1), (11, 1), (59, 2), (34, 1), (51, 1), (91, 2), (88, 2), (37, 1), 
Generation 54:(90, 2), (99, 2), (71, 2), (24, 1), (52, 1), (15, 1), (70, 2), (12, 1), (47, 1), (11, 1), (31, 1), (49, 1), (61, 2), (21, 1), (40, 1), (81, 2), (94, 2), (0, 1), (92, 2), (76, 2), (33, 1), (87, 2), (74, 2), (75, 2), (98, 2), (44, 1), (63, 2), (17, 1), (45, 1), (68, 2), (37, 1), (64, 2), (18, 1), (14, 1), (36, 1), (58, 2), (60, 2), (34, 1), (6, 1), (29, 1), 
Generation 55:(14, 1), (33, 1), (45, 1), (36, 1), (37, 1), (99, 2), (27, 1), (61, 2), (83, 2), (53, 1), (28, 1), (31, 1), (24, 1), (82, 2), (93, 2), (50, 1), (73, 2), (75, 2), (3, 1), (91, 2), (98, 2), (23, 1), (25, 1), (6, 1), (17, 1), (76, 2), (84, 2), (80, 2), (34, 1), (13, 1), (74, 2), (9, 1), (26, 1), (22, 1), (43, 1), (95, 2), (69, 2), (90, 2), (59, 2), (58, 2), 
Generation 56:(66, 2), (89, 2), (30, 1), (29, 1), (71, 2), (49, 1), (11, 1), (88, 2), (92, 2), (70, 2), (46, 1), (3, 1), (0, 1), (51, 1), (9, 1), (4, 1), (64, 2), (83, 2), (60, 2), (68, 2), (2, 1), (91, 2), (38, 1), (44, 1), (79, 2), (52, 1), (41, 1), (40, 1), (78, 2), (37, 1), (34, 1), (14, 1), (82, 2), (95, 2), (76, 2), (22, 1), (53, 1), (36, 1), (26, 1), (5, 1), 
Generation 57:(2, 1), (23, 1), (21, 1), (35, 1), (52, 1), (95, 2), (45, 1), (65, 2), (60, 2), (85, 2), (4, 1), (89, 2), (62, 2), (75, 2), (59, 2), (30, 1), (70, 2), (48, 1), (1, 1), (31, 1), (24, 1), (9, 1), (72, 2), (46, 1), (43, 1), (73, 2), (0, 1), (11, 1), (20, 1), (55, 1), (36, 1), (29, 1), (44, 1), (19, 1), (68, 2), (14, 1), (41, 1), (97, 2), (38, 1), (3, 1), 
Generation 58:(2, 1), (47, 1), (34, 1), (51, 1), (97, 2), (49, 1), (94, 2), (9, 1), (92, 2), (43, 1), (30, 1), (46, 1), (27, 1), (0, 1), (37, 1), (60, 2), (35, 1), (44, 1), (95, 2), (6, 1), (69, 2), (10, 1), (28, 1), (89, 2), (38, 1), (24, 1), (68, 2), (80, 2), (26, 1), (90, 2), (21, 1), (72, 2), (85, 2), (36, 1), (39, 1), (86, 2), (98, 2), (73, 2), (66, 2), (93, 2), 
Generation 59:(34, 1), (36, 1), (31, 1), (10, 1), (0, 1), (66, 2), (84, 2), (79, 2), (48, 1), (94, 2), (72, 2), (40, 1), (80, 2), (90, 2), (47, 1), (60, 2), (15, 1), (39, 1), (53, 1), (74, 2), (2, 1), (42, 1), (1, 1), (35, 1), (16, 1), (43, 1), (18, 1), (4, 1), (75, 2), (5, 1), (11, 1), (89, 2), (27, 1), (45, 1), (93, 2), (19, 1), (59, 2), (70, 2), (78, 2), (13, 1), 
Generation 60:(29, 1), (25, 1), (89, 2), (76, 2), (72, 2), (50, 1), (28, 1), (73, 2), (92, 2), (7, 1), (86, 2), (95, 2), (16, 1), (48, 1), (84, 2), (31, 1), (34, 1), (1, 1), (10, 1), (9, 1), (63, 2), (49, 1), (42, 1), (38, 1), (2, 1), (19, 1), (60, 2), (65, 2), (66, 2), (6, 1), (32, 1), (93, 2), (45, 1), (13, 1), (8, 1), (82, 2), (70, 2), (22, 1), (83, 2), (14, 1), 
Generation 61:(79, 2), (81, 2), (92, 2), (17, 1), (33, 1), (9, 1), (12, 1), (99, 2), (38, 1), (36, 1), (0, 1), (11, 1), (27, 1), (98, 2), (77, 2), (3, 1), (19, 1), (73, 2), (45, 1), (80, 2), (61, 2), (64, 2), (74, 2), (31, 1), (67, 2), (48, 1), (46, 1), (71, 2), (22, 1), (76, 2), (86, 2), (82, 2), (1, 1), (41, 1), (51, 1), (96, 2), (63, 2), (42, 1), (78, 2), (89, 2), 
Generation 62:(6, 1), (48, 1), (33, 1), (94, 2), (64, 2), (34, 1), (66, 2), (32, 1), (81, 2), (41, 1), (27, 1), (2, 1), (28, 1), (0, 1), (70, 2), (19, 1), (79, 2), (9, 1), (90, 2), (22, 1), (24, 1), (80, 2), (36, 1), (96, 2), (73, 2), (84, 2), (3, 1), (89, 2), (65, 2), (92, 2), (15, 1), (52, 1), (31, 1), (4, 1), (83, 2), (93, 2), (63, 2), (39, 1), (78, 2), (74, 2), 
Generation 63:(46, 1), (51, 1), (94, 2), (41, 1), (69, 2), (82, 2), (2, 1), (74, 2), (77, 2), (83, 2), (65, 2), (68, 2), (26, 1), (48, 1), (54, 1), (35, 1), (79, 2), (53, 1), (42, 1), (72, 2), (36, 1), (4, 1), (21, 1), (3, 1), (6, 1), (22, 1), (24, 1), (98, 2), (50, 1), (38, 1), (64, 2), (67, 2), (92, 2), (91, 2), (16, 1), (11, 1), (0, 1), (71, 2), (8, 1), (32, 1), 
Generation 64:(40, 1), (29, 1), (10, 1), (73, 2), (72, 2), (87, 2), (82, 2), (9, 1), (18, 1), (48, 1), (47, 1), (95, 2), (49, 1), (93, 2), (34, 1), (46, 1), (14, 1), (16, 1), (71, 2), (44, 1), (42, 1), (5, 1), (26, 1), (17, 1), (55, 1), (37, 1), (54, 1), (77, 2), (19, 1), (94, 2), (30, 1), (15, 1), (83, 2), (74, 2), (81, 2), (25, 1), (33, 1), (96, 2), (98, 2), (86, 2), 
Generation 65:(30, 1), (35, 1), (82, 2), (27, 1), (25, 1), (44, 1), (45, 1), (69, 2), (85, 2), (91, 2), (32, 1), (2, 1), (89, 2), (81, 2), (10, 1), (88, 2), (50, 1), (58, 1), (41, 1), (5, 1), (6, 1), (73, 2), (99, 2), (19, 1), (71, 2), (26, 1), (48, 1), (42, 1), (96, 2), (78, 2), (74, 2), (36, 1), (84, 2), (23, 1), (40, 1), (83, 2), (1, 1), (13, 1), (31, 1), (21, 1), 
Generation 66:(10, 1), (93, 2), (95, 2), (29, 1), (52, 1), (57, 1), (87, 2), (50, 1), (76, 2), (55, 1), (81, 2), (83, 2), (46, 1), (82, 2), (53, 1), (56, 1), (42, 1), (51, 1), (90, 2), (15, 1), (92, 2), (31, 1), (24, 1), (33, 1), (59, 1), (14, 1), (2, 1), (34, 1), (16, 1), (75, 2), (78, 2), (36, 1), (21, 1), (85, 2), (23, 1), (35, 1), (5, 1), (6, 1), (1, 1), (99, 2), 
Generation 67:(83, 2), (41, 1), (75, 2), (76, 2), (11, 1), (99, 2), (32, 1), (35, 1), (17, 1), (45, 1), (33, 1), (57, 1), (5, 1), (56, 1), (21, 1), (34, 1), (94, 2), (2, 1), (82, 2), (96, 2), (9, 1), (12, 1), (55, 1), (24, 1), (26, 1), (91, 2), (78, 2), (51, 1), (10, 1), (38, 1), (60, 1), (18, 1), (88, 2), (59, 1), (25, 1), (4, 1), (39, 1), (14, 1), (0, 1), (42, 1), 
Generation 68:(73, 2), (99, 2), (89, 2), (41, 1), (39, 1), (95, 2), (1, 1), (50, 1), (15, 1), (56, 1), (81, 2), (29, 1), (32, 1), (44, 1), (33, 1), (24, 1), (45, 1), (49, 1), (61, 1), (55, 1), (23, 1), (94, 2), (2, 1), (4, 1), (59, 1), (19, 1), (93, 2), (47, 1), (8, 1), (83, 2), (75, 2), (98, 2), (40, 1), (74, 2), (86, 2), (79, 2), (20, 1), (90, 2), (88, 2), (62, 1), 
Generation 69:(94, 2), (51, 1), (63, 1), (24, 1), (15, 1), (58, 1), (44, 1), (42, 1), (12, 1), (35, 1), (34, 1), (18, 1), (73, 2), (61, 1), (29, 1), (49, 1), (6, 1), (0, 1), (75, 2), (72, 2), (43, 1), (46, 1), (3, 1), (33, 1), (25, 1), (4, 1), (97, 2), (38, 1), (9, 1), (20, 1), (45, 1), (79, 2), (74, 2), (57, 1), (36, 1), (26, 1), (78, 2), (40, 1), (48, 1), (81, 2), 
Generation 70:(71, 2), (46, 1), (18, 1), (14, 1), (95, 2), (28, 1), (96, 2), (36, 1), (0, 1), (48, 1), (20, 1), (30, 1), (32, 1), (13, 1), (74, 2), (5, 1), (76, 2), (79, 2), (49, 1), (80, 2), (87, 2), (84, 2), (72, 2), (62, 1), (93, 2), (60, 1), (4, 1), (9, 1), (11, 1), (97, 2), (44, 1), (82, 2), (89, 2), (10, 1), (38, 1), (31, 1), (42, 1), (77, 2), (81, 2), (99, 2), 
Generation 71:(48, 1), (71, 2), (46, 1), (30, 1), (55, 1), (90, 2), (41, 1), (40, 1), (43, 1), (5, 1), (4, 1), (88, 2), (7, 1), (19, 1), (37, 1), (91, 2), (73, 2), (38, 1), (61, 1), (92, 2), (85, 2), (70, 2), (86, 2), (50, 1), (53, 1), (14, 1), (51, 1), (9, 1), (93, 2), (42, 1), (45, 1), (75, 2), (20, 1), (82, 2), (62, 1), (39, 1), (49, 1), (52, 1), (89, 2), (83, 2), 
Generation 72:(47, 1), (27, 1), (71, 2), (23, 1), (40, 1), (24, 1), (28, 1), (42, 1), (19, 1), (2, 1), (91, 2), (93, 2), (88, 2), (84, 2), (74, 2), (56, 1), (95, 2), (98, 2), (60, 1), (89, 2), (46, 1), (85, 2), (90, 2), (72, 2), (81, 2), (99, 2), (6, 1), (70, 2), (52, 1), (37, 1), (48, 1), (63, 1), (87, 2), (30, 1), (11, 1), (79, 2), (29, 1), (7, 1), (36, 1), (86, 2), 
Generation 73:(62, 1), (1, 1), (55, 1), (14, 1), (83, 2), (20, 1), (57, 1), (96, 2), (60, 1), (89, 2), (90, 2), (46, 1), (79, 2), (95, 2), (18, 1), (30, 1), (33, 1), (26, 1), (52, 1), (94, 2), (34, 1), (71, 2), (29, 1), (74, 2), (98, 2), (23, 1), (77, 2), (11, 1), (40, 1), (73, 2), (63, 1), (70, 2), (48, 1), (65, 1), (17, 1), (39, 1), (27, 1), (19, 1), (93, 2), (10, 1), 
Generation 74:(81, 2), (18, 1), (61, 1), (75, 2), (84, 2), (29, 1), (63, 1), (58, 1), (62, 1), (80, 2), (2, 1), (83, 2), (90, 2), (8, 1), (45, 1), (42, 1), (31, 1), (28, 1), (91, 2), (0, 1), (46, 1), (95, 2), (15, 1), (49, 1), (7, 1), (21, 1), (96, 2), (33, 1), (10, 1), (19, 1), (57, 1), (41, 1), (93, 2), (5, 1), (86, 2), (47, 1), (27, 1), (24, 1), (50, 1), (11, 1), 
Generation 75:(43, 1), (25, 1), (85, 2), (7, 1), (44, 1), (24, 1), (50, 1), (26, 1), (83, 2), (9, 1), (65, 1), (4, 1), (12, 1), (73, 2), (95, 2), (18, 1), (92, 2), (64, 1), (81, 2), (75, 2), (94, 2), (78, 2), (33, 1), (89, 2), (96, 2), (59, 1), (91, 2), (15, 1), (88, 2), (76, 2), (53, 1), (41, 1), (13, 1), (19, 1), (86, 2), (45, 1), (0, 1), (37, 1), (80, 2), (34, 1), 
Generation 76:(79, 2), (37, 1), (83, 2), (51, 1), (54, 1), (13, 1), (64, 1), (52, 1), (19, 1), (92, 2), (93, 2), (34, 1), (44, 1), (4, 1), (60, 1), (53, 1), (62, 1), (29, 1), (91, 2), (99, 2), (74, 2), (27, 1), (5, 1), (97, 2), (55, 1), (10, 1), (26, 1), (9, 1), (61, 1), (84, 2), (17, 1), (57, 1), (39, 1), (2, 1), (31, 1), (98, 2), (23, 1), (22, 1), (36, 1), (48, 1), 
Generation 77:(14, 1), (12, 1), (41, 1), (39, 1), (5, 1), (62, 1), (19, 1), (72, 2), (53, 1), (99, 2), (75, 2), (1, 1), (95, 2), (47, 1), (15, 1), (26, 1), (92, 2), (38, 1), (27, 1), (79, 2), (74, 2), (22, 1), (54, 1), (43, 1), (35, 1), (83, 2), (31, 1), (30, 1), (4, 1), (23, 1), (51, 1), (90, 2), (85, 2), (66, 1), (10, 1), (11, 1), (59, 1), (86, 2), (24, 1), (55, 1), 
Generation 78:(78, 2), (1, 1), (83, 2), (18, 1), (85, 2), (19, 1), (2, 1), (96, 2), (26, 1), (61, 1), (50, 1), (89, 2), (60, 1), (98, 2), (41, 1), (8, 1), (52, 1), (88, 2), (47, 1), (75, 2), (53, 1), (5, 1), (90, 2), (34, 1), (17, 1), (73, 2), (42, 1), (87, 2), (12, 1), (63, 1), (15, 1), (97, 2), (16, 1), (65, 1), (74, 2), (82, 2), (25, 1), (43, 1), (14, 1), (28, 1), 
Generation 79:(2, 1), (44, 1), (74, 2), (82, 2), (87, 2), (94, 2), (39, 1), (36, 1), (81, 2), (90, 2), (18, 1), (0, 1), (54, 1), (89, 2), (32, 1), (77, 2), (16, 1), (4, 1), (79, 2), (80, 2), (48, 1), (52, 1), (93, 2), (99, 2), (40, 1), (21, 1), (13, 1), (72, 2), (60, 1), (42, 1), (27, 1), (24, 1), (58, 1), (91, 2), (11, 1), (22, 1), (25, 1), (96, 2), (45, 1), (37, 1), 
Generation 80:(17, 1), (82, 2), (81, 2), (57, 1), (42, 1), (30, 1), (23, 1), (15, 1), (3, 1), (91, 2), (35, 1), (41, 1), (32, 1), (39, 1), (43, 1), (13, 1), (25, 1), (40, 1), (95, 2), (4, 1), (60, 1), (83, 2), (1, 1), (21, 1), (8, 1), (55, 1), (47, 1), (22, 1), (90, 2), (98, 2), (28, 1), (71, 2), (75, 2), (99, 2), (16, 1), (26, 1), (31, 1), (45, 1), (9, 1), (19, 1), 
Generation 81:(35, 1), (89, 2), (36, 1), (58, 1), (77, 2), (76, 2), (19, 1), (54, 1), (12, 1), (17, 1), (16, 1), (4, 1), (25, 1), (28, 1), (98, 2), (46, 1), (90, 2), (51, 1), (13, 1), (81, 2), (75, 2), (5, 1), (85, 2), (29, 1), (78, 2), (11, 1), (26, 1), (95, 2), (86, 2), (7, 1), (40, 1), (93, 2), (48, 1), (34, 1), (62, 1), (24, 1), (30, 1), (10, 1), (73, 2), (23, 1), 
Generation 82:(30, 1), (81, 2), (26, 1), (48, 1), (0, 1), (36, 1), (8, 1), (2, 1), (96, 2), (77, 2), (15, 1), (72, 2), (53, 1), (24, 1), (92, 2), (83, 2), (50, 1), (75, 2), (58, 1), (38, 1), (84, 2), (87, 2), (74, 2), (91, 2), (20, 1), (13, 1), (23, 1), (94, 2), (46, 1), (31, 1), (55, 1), (54, 1), (45, 1), (47, 1), (27, 1), (98, 2), (12, 1), (61, 1), (64, 1), (35, 1), 
Generation 83:(91, 2), (35, 1), (85, 2), (96, 2), (89, 2), (76, 2), (12, 1), (52, 1), (75, 2), (73, 2), (4, 1), (6, 1), (53, 1), (37, 1), (58, 1), (17, 1), (81, 2), (24, 1), (21, 1), (11, 1), (8, 1), (60, 1), (28, 1), (90, 2), (23, 1), (16, 1), (95, 2), (45, 1), (18, 1), (13, 1), (46, 1), (77, 2), (54, 1), (59, 1), (64, 1), (93, 2), (49, 1), (39, 1), (14, 1), (48, 1), 
Generation 84:(2, 1), (95, 2), (11, 1), (1, 1), (13, 1), (49, 1), (56, 1), (27, 1), (29, 1), (75, 2), (42, 1), (40, 1), (9, 1), (30, 1), (38, 1), (58, 1), (94, 2), (98, 2), (82, 2), (20, 1), (85, 2), (97, 2), (39, 1), (51, 1), (48, 1), (37, 1), (64, 1), (72, 2), (50, 1), (14, 1), (43, 1), (66, 1), (10, 1), (54, 1), (18, 1), (23, 1), (52, 1), (12, 1), (25, 1), (53, 1), 
Generation 85:(9, 1), (65, 1), (87, 2), (63, 1), (79, 2), (13, 1), (58, 1), (96, 2), (36, 1), (3, 1), (6, 1), (35, 1), (46, 1), (31, 1), (94, 2), (93, 2), (62, 1), (48, 1), (40, 1), (2, 1), (15, 1), (80, 2), (23, 1), (11, 1), (19, 1), (39, 1), (76, 2), (28, 1), (53, 1), (85, 2), (21, 1), (5, 1), (20, 1), (91, 2), (73, 2), (33, 1), (24, 1), (47, 1), (78, 2), (82, 2), 
Generation 86:(90, 2), (1, 1), (21, 1), (39, 1), (12, 1), (93, 2), (22, 1), (9, 1), (41, 1), (97, 2), (13, 1), (63, 1), (91, 2), (35, 1), (55, 1), (45, 1), (54, 1), (7, 1), (14, 1), (6, 1), (42, 1), (49, 1), (88, 2), (99, 2), (33, 1), (17, 1), (80, 2), (75, 2), (59, 1), (28, 1), (0, 1), (60, 1), (8, 1), (52, 1), (43, 1), (26, 1), (36, 1), (86, 2), (24, 1), (15, 1), 
Generation 87:(2, 1), (92, 2), (49, 1), (86, 2), (8, 1), (75, 2), (41, 1), (88, 2), (31, 1), (47, 1), (37, 1), (35, 1), (15, 1), (21, 1), (10, 1), (38, 1), (54, 1), (57, 1), (81, 2), (13, 1), (65, 1), (44, 1), (46, 1), (63, 1), (89, 2), (98, 2), (85, 2), (24, 1), (48, 1), (22, 1), (29, 1), (73, 2), (91, 2), (50, 1), (36, 1), (43, 1), (95, 2), (30, 1), (62, 1), (90, 2), 
Generation 88:(73, 2), (23, 1), (75, 2), (0, 1), (44, 1), (31, 1), (62, 1), (45, 1), (74, 2), (46, 1), (53, 1), (99, 2), (11, 1), (38, 1), (17, 1), (28, 1), (6, 1), (39, 1), (43, 1), (87, 2), (9, 1), (81, 2), (65, 1), (35, 1), (76, 2), (83, 2), (18, 1), (14, 1), (8, 1), (7, 1), (94, 2), (72, 2), (78, 2), (63, 1), (77, 2), (58, 1), (97, 2), (54, 1), (98, 2), (95, 2), 
Generation 89:(80, 2), (38, 1), (90, 2), (20, 1), (16, 1), (66, 1), (13, 1), (81, 2), (39, 1), (48, 1), (61, 1), (86, 2), (84, 2), (29, 1), (64, 1), (24, 1), (60, 1), (62, 1), (78, 2), (83, 2), (52, 1), (40, 1), (98, 2), (65, 1), (9, 1), (45, 1), (47, 1), (6, 1), (94, 2), (96, 2), (21, 1), (72, 2), (53, 1), (49, 1), (55, 1), (85, 2), (67, 1), (46, 1), (18, 1), (44, 1), 
Generation 90:(45, 1), (23, 1), (38, 1), (55, 1), (78, 2), (72, 2), (63, 1), (1, 1), (39, 1), (89, 2), (65, 1), (12, 1), (62, 1), (26, 1), (37, 1), (92, 2), (43, 1), (75, 2), (42, 1), (61, 1), (32, 1), (94, 2), (5, 1), (4, 1), (13, 1), (17, 1), (41, 1), (64, 1), (7, 1), (14, 1), (47, 1), (85, 2), (87, 2), (16, 1), (25, 1), (0, 1), (51, 1), (27, 1), (77, 2), (19, 1), 
Generation 91:(56, 1), (94, 2), (22, 1), (32, 1), (2, 1), (96, 2), (85, 2), (62, 1), (0, 1), (55, 1), (16, 1), (21, 1), (57, 1), (87, 2), (13, 1), (4, 1), (3, 1), (92, 2), (51, 1), (50, 1), (8, 1), (67, 1), (76, 2), (79, 2), (88, 2), (89, 2), (64, 1), (37, 1), (28, 1), (44, 1), (97, 2), (45, 1), (49, 1), (90, 2), (41, 1), (43, 1), (73, 2), (19, 1), (98, 2), (63, 1), 
Generation 92:(46, 1), (22, 1), (33, 1), (92, 2), (9, 1), (13, 1), (88, 2), (74, 2), (24, 1), (14, 1), (90, 2), (41, 1), (45, 1), (16, 1), (47, 1), (37, 1), (30, 1), (17, 1), (82, 2), (72, 2), (63, 1), (67, 1), (34, 1), (95, 2), (91, 2), (53, 1), (48, 1), (49, 1), (56, 1), (32, 1), (86, 2), (25, 1), (61, 1), (94, 2), (73, 2), (75, 2), (15, 1), (8, 1), (6, 1), (66, 1), 
Generation 93:(49, 1), (25, 1), (62, 1), (32, 1), (54, 1), (88, 2), (50, 1), (12, 1), (5, 1), (51, 1), (20, 1), (64, 1), (68, 1), (97, 2), (29, 1), (75, 2), (48, 1), (60, 1), (83, 2), (92, 2), (85, 2), (35, 1), (81, 2), (53, 1), (23, 1), (66, 1), (87, 2), (46, 1), (1, 1), (78, 2), (56, 1), (45, 1), (39, 1), (67, 1), (13, 1), (18, 1), (95, 2), (61, 1), (31, 1), (8, 1), 
Generation 94:(50, 1), (74, 2), (70, 1), (54, 1), (9, 1), (97, 2), (56, 1), (6, 1), (69, 1), (63, 1), (58, 1), (89, 2), (84, 2), (95, 2), (44, 1), (29, 1), (57, 1), (46, 1), (60, 1), (37, 1), (4, 1), (47, 1), (35, 1), (7, 1), (42, 1), (65, 1), (2, 1), (83, 2), (96, 2), (3, 1), (12, 1), (13, 1), (94, 2), (48, 1), (45, 1), (17, 1), (18, 1), (78, 2), (85, 2), (92, 2), 
Generation 95:(27, 1), (70, 1), (67, 1), (52, 1), (63, 1), (32, 1), (83, 2), (95, 2), (62, 1), (65, 1), (77, 2), (31, 1), (11, 1), (40, 1), (60, 1), (98, 2), (56, 1), (42, 1), (36, 1), (9, 1), (12, 1), (74, 2), (92, 2), (79, 2), (99, 2), (89, 2), (15, 1), (2, 1), (61, 1), (69, 1), (33, 1), (35, 1), (22, 1), (47, 1), (30, 1), (76, 2), (23, 1), (4, 1), (46, 1), (6, 1), 
Generation 96:(98, 2), (54, 1), (16, 1), (45, 1), (57, 1), (15, 1), (51, 1), (3, 1), (58, 1), (48, 1), (67, 1), (49, 1), (9, 1), (25, 1), (42, 1), (17, 1), (84, 2), (23, 1), (90, 2), (36, 1), (61, 1), (66, 1), (43, 1), (27, 1), (99, 2), (63, 1), (31, 1), (32, 1), (41, 1), (55, 1), (38, 1), (93, 2), (18, 1), (77, 2), (83, 2), (74, 2), (86, 2), (22, 1), (14, 1), (65, 1), 
Generation 97:(74, 2), (30, 1), (42, 1), (50, 1), (17, 1), (90, 2), (84, 2), (73, 2), (86, 2), (92, 2), (89, 2), (28, 1), (43, 1), (11, 1), (9, 1), (32, 1), (55, 1), (69, 1), (19, 1), (1, 1), (51, 1), (37, 1), (58, 1), (8, 1), (91, 2), (20, 1), (40, 1), (64, 1), (15, 1), (65, 1), (3, 1), (7, 1), (23, 1), (13, 1), (53, 1), (77, 2), (52, 1), (94, 2), (31, 1), (34, 1), 
Generation 98:(26, 1), (42, 1), (41, 1), (45, 1), (32, 1), (79, 2), (55, 1), (18, 1), (64, 1), (9, 1), (93, 2), (38, 1), (68, 1), (47, 1), (10, 1), (21, 1), (8, 1), (80, 2), (59, 1), (57, 1), (67, 1), (36, 1), (25, 1), (56, 1), (78, 2), (5, 1), (34, 1), (81, 2), (96, 2), (35, 1), (69, 1), (30, 1), (44, 1), (77, 2), (40, 1), (37, 1), (53, 1), (17, 1), (52, 1), (49, 1), 
Generation 99:(28, 1), (41, 1), (82, 2), (35, 1), (25, 1), (84, 2), (23, 1), (30, 1), (58, 1), (57, 1), (50, 1), (34, 1), (99, 2), (91, 2), (89, 2), (40, 1), (48, 1), (31, 1), (98, 2), (5, 1), (51, 1), (53, 1), (0, 1), (20, 1), (39, 1), (38, 1), (85, 2), (46, 1), (69, 1), (1, 1), (7, 1), (61, 1), (18, 1), (11, 1), (21, 1), (2, 1), (92, 2), (52, 1), (43, 1), (6, 1), 
Generation 100:(37, 1), (62, 1), (65, 1), (72, 1), (32, 1), (52, 1), (35, 1), (28, 1), (46, 1), (81, 2), (23, 1), (93, 2), (26, 1), (82, 2), (83, 2), (95, 2), (36, 1), (60, 1), (2, 1), (92, 2), (59, 1), (29, 1), (38, 1), (3, 1), (68, 1), (27, 1), (7, 1), (89, 2), (6, 1), (48, 1), (21, 1), (55, 1), (20, 1), (86, 2), (34, 1), (25, 1), (19, 1), (63, 1), (51, 1), (10, 1), 
Generation 101: